2 -0.593906842481085
3 -0.499671225830046
4 -0.626848582319351
5 -0.720617924360237
6 -0.700371985444745
7 -0.615288440645133
8 -0.688640866149977
9 -0.639703330875922
10 -0.625237091268574
11 -0.535795655244703
12 -0.622949815614821
13 -0.616544386016472
14 -0.571117065797384
15 -0.543721683285062
16 -0.524816682182748
17 -0.514567364029971
18 -0.50558886329241
19 -0.556346043093942
20 -0.523539103816291
21 -0.537744379470174
22 -0.473243427382721
23 -0.475988983972604
24 -0.502406397991495
25 -0.478052879810985
26 -0.538545356397966
27 -0.512319540379322
28 -0.5074684574373
29 -0.502019219959932
30 -0.504101099134938
31 -0.597716075990214
32 -0.488910901234674
33 -0.509922552027213
34 -0.507270937940636
35 -0.552572546905723
36 -0.545086578245939
37 -0.551042578387474
38 -0.600362738592948
39 -0.563775143021442
40 -0.550619084765605
41 -0.552507356112406
42 -0.573800506396502
43 -0.517419828082562
44 -0.529812818307972
45 -0.571508700140668
46 -0.517762981674645
47 -0.586815292073368
48 -0.550241608929661
49 -0.570369196681619
50 -0.561149954043914
51 -0.576757612252264
52 -0.618866623765856
53 -0.596825501295556
54 -0.587242539763314
55 -0.581432910506384
56 -0.594541483837857
57 -0.603048233867332
58 -0.550677323375623
59 -0.578637830681803
60 -0.591954543702646
61 -0.626502893627338
62 -0.614018274284741
63 -0.547976070508529
64 -0.637706645449148
65 -0.604025315408824
66 -0.631142736808776
67 -0.626092108825239
68 -0.604885845181066
69 -0.638165785212365
70 -0.6404600962329
71 -0.615945214297542
72 -0.668283611849283
73 -0.688356624797313
74 -0.55943723637936
75 -0.569159011350475
76 -0.604491075300257
77 -0.597280485880066
78 -0.573043213391438
79 -0.613083272608272
80 -0.643619641007217
81 -0.64475527480136
82 -0.64766495912695
83 -0.587819493747372
84 -0.570759467337653
85 -0.635138030403835
86 -0.650543830486712
87 -0.634309620867577
88 -0.530538181831948
89 -0.541055182701163
90 -0.541056913009031
91 -0.545695392589211
92 -0.553846112864564
93 -0.560137507022097
94 -0.570512818161533
95 -0.570583453966792
96 -0.577682610181901
97 -0.575699150316376
98 -0.604126494845909
99 -0.582127570230492
100 -0.599258425555325
101 -0.586177323031999
102 -0.606482611843804
103 -0.598910432310481
104 -0.583246110572638
105 -0.582343472251537
106 -0.605924386583008
107 -0.555275412991837
108 -0.578068755196076
109 -0.564287608081294
110 -0.61340752813875
111 -0.570763603423576
112 -0.586569943686114
113 -0.563352568469563
114 -0.621010962154429
115 -0.56943423758787
116 -0.548533997775958
117 -0.589627536850534
118 -0.623750981289369
119 -0.555918734268042
120 -0.603903942838587
121 -0.574959642216759
122 -0.578476355276767
123 -0.59900640941185
124 -0.589669500664791
125 -0.563231310725401
126 -0.567184021871774
127 -0.586030359743693
128 -0.600723977925467
129 -0.604541287254692
130 -0.598262913085063
131 -0.594939512965652
132 -0.614171262091096
133 -0.606455428861058
134 -0.619206207440084
135 -0.587155678224361
136 -0.610650689398468
137 -0.560750276817556
138 -0.603371239329988
139 -0.593343940611232
140 -0.605830855698039
141 -0.594146202229645
142 -0.585844526313082
143 -0.637886628514087
144 -0.632632117196734
145 -0.620155419843671
146 -0.61084711032967
147 -0.605687805540335
148 -0.606300646710794
149 -0.591310845274306
150 -0.609615411410771
151 -0.620206858672094
152 -0.589125483720351
153 -0.590241254877159
154 -0.608800382724624
155 -0.603813894907455
156 -0.594179708282155
157 -0.588316461316793
158 -0.586630699099748
159 -0.597259917767367
160 -0.599309135139255
161 -0.597627515461266
162 -0.594279802799567
163 -0.596254023718863
164 -0.606515851777448
165 -0.605282730896444
166 -0.596470827821076
167 -0.602828503789635
168 -0.603841551950646
169 -0.586678853615165
170 -0.592480239706824
171 -0.592837211272204
172 -0.604950913846452
173 -0.609806359262307
174 -0.607136657251889
175 -0.596349775501738
176 -0.585703183819573
177 -0.614383235130192
178 -0.620791808368241
179 -0.60557697784994
180 -0.61287296958032
181 -0.599577427615281
182 -0.604967292263832
183 -0.590089636517764
184 -0.621185056301674
185 -0.599042628872582
186 -0.608647214500622
187 -0.594471754134845
188 -0.600266934591612
189 -0.611747790749134
190 -0.595396300056757
191 -0.607590074737127
192 -0.595068977518167
193 -0.615708523820598
194 -0.601951725560601
195 -0.610181164295526
196 -0.607572908259764
197 -0.606857547305336
198 -0.610239574207386
199 -0.611339099038786
200 -0.609686080162334
201 -0.613529494720201
202 -0.614498335483622
203 -0.617274875456532
204 -0.616179197853276
205 -0.614578591878799
206 -0.616593166085312
207 -0.620317957977986
208 -0.621987614669377
209 -0.621777544453597
210 -0.624642631382864
211 -0.626287854282609
212 -0.626357706753661
213 -0.627537047752083
214 -0.62784179506777
215 -0.634184019793575
216 -0.634802663709273
217 -0.635177169898124
218 -0.635400343700907
219 -0.639571667707742
220 -0.637690099608178
221 -0.63793444720731
222 -0.637185654192047
223 -0.637119097390683
224 -0.631658432798467
225 -0.635264679763883
226 -0.636404696558778
227 -0.638720667901222
228 -0.640116099968186
229 -0.641527134953582
230 -0.645686084243565
231 -0.645245567113904
232 -0.647702823555063
233 -0.650567999497987
234 -0.651741484714713
235 -0.65468305571536
236 -0.654550373503207
237 -0.653007082460668
238 -0.656033395672127
239 -0.655144425333862
240 -0.658048192314928
241 -0.658600266840253
242 -0.661846338256417
243 -0.665395846725592
244 -0.669314318295301
245 -0.670068590332955
246 -0.670513605447354
247 -0.671609450277624
248 -0.669839904290348
249 -0.674627373785083
250 -0.675627894634771
251 -0.67515852792249
252 -0.677098657365616
253 -0.678946750926345
254 -0.678675521623162
255 -0.681457274406379
256 -0.684227818997222
257 -0.686046523181363
258 -0.686421314904513
259 -0.685972343534486
260 -0.683740005406037
261 -0.687867257372434
262 -0.690031613337502
263 -0.693891136626013
264 -0.691302104599576
265 -0.69116602262119
266 -0.694642973574953
267 -0.693967847006389
268 -0.694998098474455
269 -0.69510790711513
270 -0.697080478210696
271 -0.698942800264384
272 -0.699860081282776
273 -0.703118695127609
274 -0.707751221433314
275 -0.71077147208219
276 -0.711508060024823
277 -0.711536017921633
278 -0.715700114207393
279 -0.719065348770905
280 -0.72101518770175
281 -0.725970563437779
282 -0.729111571376289
283 -0.727264073059212
284 -0.728783209312742
285 -0.732511739051047
286 -0.736020591415344
287 -0.739355591946751
288 -0.74120367099239
289 -0.741524577228747
290 -0.742205397324431
291 -0.741238439097004
292 -0.740873490136726
293 -0.73743685659561
294 -0.740038887228199
295 -0.743316404289884
296 -0.748781728054949
297 -0.746197116453075
298 -0.746375383959556
299 -0.747653598636166
300 -0.750412026427099
301 -0.754809293327155
302 -0.754655900359122
303 -0.751581567271292
304 -0.752754433783789
305 -0.756447309643283
306 -0.757898870299951
307 -0.760979907431689
308 -0.766688756922504
309 -0.772240625821241
310 -0.777663512306071
311 -0.782783873530987
312 -0.785192886596639
313 -0.78549596019184
314 -0.783442815488483
315 -0.78682113106762
316 -0.791963119203985
317 -0.790985880928216
318 -0.790867045733322
319 -0.787336289587057
320 -0.789981071040693
321 -0.78702427317446
322 -0.791840334547246
323 -0.787168950271582
324 -0.79161242970366
325 -0.795695432995008
326 -0.796889768869555
327 -0.80468715306678
328 -0.808580740303502
329 -0.812964394358944
330 -0.814864621558218
331 -0.822979860215545
332 -0.824347566758863
333 -0.822507146213119
334 -0.826158596505532
335 -0.83130786183891
336 -0.832702086180913
337 -0.831094155452841
338 -0.834821236577726
339 -0.830786783727758
340 -0.838363408340436
341 -0.841809542302981
342 -0.843932850537675
343 -0.84529868545245
344 -0.847789519534266
345 -0.852723969182159
346 -0.856031070105593
347 -0.857993291565615
348 -0.860488520511113
349 -0.865546079332493
350 -0.870277682476913
351 -0.87527598565298
352 -0.878395161201934
353 -0.881329938192378
354 -0.878572371172198
355 -0.881053075392915
356 -0.884409279580225
357 -0.890077350054333
358 -0.896878283846432
359 -0.890546854988334
360 -0.887597611976152
361 -0.896606865553392
362 -0.899679118223339
363 -0.905508378845899
364 -0.914391167532016
365 -0.918459722808284
366 -0.920815426311802
367 -0.926882572874572
368 -0.930470380934379
369 -0.936652424853572
370 -0.942239722853154
371 -0.947305083794349
372 -0.954730127107882
373 -0.960915367436857
374 -0.971554659771571
375 -0.976010786902786
376 -0.981723412585644
377 -0.979891002708948
378 -0.983454758070957
379 -0.987371468098633
380 -0.99386670781284
381 -1.00264459978375
382 -1.01501555356762
383 -1.02120428602917
384 -1.03134908985023
385 -1.03741595455646
386 -1.05053709735796
387 -1.05611977782998
388 -1.06066610696788
389 -1.06474862385814
390 -1.07136034795449
391 -1.07959812279923
392 -1.09219882609313
393 -1.10616516954829
394 -1.11191297662667
395 -1.1096327667686
396 -1.10966116283349
397 -1.11329792568602
398 -1.12692079615392
399 -1.12828505836839
400 -1.14036016979978
401 -1.1512832652147
402 -1.15747263178807
403 -1.16681389705545
404 -1.17352972736355
405 -1.18894729622182
406 -1.2002296499668
407 -1.21103011903173
408 -1.2209528477297
409 -1.23386396858708
410 -1.2571983730677
411 -1.2750187686481
412 -1.29024268018277
413 -1.31961379451472
414 -1.3278777254454
415 -1.35475760261557
416 -1.37189613817196
417 -1.39643296855927
418 -1.41476152712612
419 -1.43823532830685
420 -1.48435691313272
421 -1.52920156797959
422 -1.54030720687644
423 -1.59797223231281
424 -1.64344614392874
425 -1.6848910668696
426 -1.77033263154442
427 -1.85653582621395
428 -1.98557715900738
429 -2.12312794852049
430 -2.38413007414907
