2 -0.437028734909509
3 -0.462358042804296
4 -0.389999576557636
5 -0.457703095167383
6 -0.493076530465934
7 -0.57984176545363
8 -0.554272364785977
9 -0.525254251967531
10 -0.525655200681662
11 -0.583752444563959
12 -0.588220525121505
13 -0.56466292105561
14 -0.623988706735488
15 -0.665172611727962
16 -0.714095565900683
17 -0.809445234190893
18 -1.0156739066233
19 -1.08791201502098
2 -0.304766751308692
3 -0.52548664659502
4 -0.648930668919338
5 -0.537505438699153
6 -0.5996141100145
7 -0.502584359122875
8 -0.472071138281487
9 -0.589789202064137
10 -0.576497430858286
11 -0.604221473775628
12 -0.786083036325748
13 -0.877996637111151
14 -1.04260602420695
15 -1.03920439305519
16 -1.02395741046534
17 -1.11004523619865
18 -1.08171632654446
19 -1.30362191415623
2 -0.329916922094971
3 -0.393307244826829
4 -0.436000614840361
5 -0.418085037545516
6 -0.513394755535624
7 -0.477592224108288
8 -0.476041902638761
9 -0.4346190441756
10 -0.538470647502847
11 -0.507982825697793
12 -0.626642070035002
13 -0.607097778205548
14 -0.613090698756893
15 -0.684393681444659
16 -0.767469976804218
17 -0.858946896877806
18 -1.04903154566057
19 -1.20191246341696
2 -0.382598418254766
3 -0.409403024282924
4 -0.457948926807038
5 -0.440003495605298
6 -0.482243645838075
7 -0.486968100285825
8 -0.496174234456346
9 -0.46299952303486
10 -0.44942560161444
11 -0.436650109998839
12 -0.461835208163989
13 -0.521342375958327
14 -0.563237273734262
15 -0.644813001202168
16 -0.718413948406498
17 -0.896174474397854
18 -1.39158335200391
19 -1.88308834991412
2 -0.369647260107
3 -0.452732964602669
4 -0.460435187728422
5 -0.487241246864256
6 -0.492841305874654
7 -0.520861176985873
8 -0.573775484560012
9 -0.568551027000902
10 -0.597906336226195
11 -0.644888054275721
12 -0.617092843747748
13 -0.700771645847991
14 -0.695288847034571
15 -0.735603863080966
16 -0.811525298825477
17 -0.87716081216755
18 -1.01236565829109
19 -1.19714344283553
2 -0.581857752553569
3 -0.595486845642753
4 -0.474897333963133
5 -0.39370641027457
6 -0.381645675286466
7 -0.404755412758392
8 -0.386862598386237
9 -0.398489817209915
10 -0.407175788997134
11 -0.437884246571774
12 -0.438418846243319
13 -0.479677523784325
14 -0.537362394275474
15 -0.64252651329048
16 -0.703955025426562
17 -0.760296869232491
18 -0.895140584555507
19 -1.11257620926553
2 -0.258943712466308
3 -0.395457033429379
4 -0.534517281963373
5 -0.519193594280956
6 -0.454027490760902
7 -0.560537391382411
8 -0.648583481054597
9 -0.74099884022557
10 -0.715103259467452
11 -0.801768566408946
12 -0.748955545839911
13 -0.705362979733975
14 -0.671023237968737
15 -0.768820142734358
16 -0.816202395715072
17 -0.995362288712996
18 -1.20554253268874
19 -1.37568753135693
2 -0.350960172482044
3 -0.448491253670412
4 -0.394674327168616
5 -0.500508768331492
6 -0.556284122916871
7 -0.596163102875625
8 -0.654531582128353
9 -0.652708081920247
10 -0.666264266881655
11 -0.729805497629868
12 -0.791626768621607
13 -0.823982394869315
14 -0.867666338826873
15 -1.01956287905314
16 -1.00583736626074
17 -0.966819235229289
18 -1.10507178253391
19 -1.76108238805929
2 -0.312267240889139
3 -0.494659532491055
4 -0.503523350826634
5 -0.473613635153438
6 -0.615054730157561
7 -0.622270487662361
8 -0.694141657148268
9 -0.783401607727602
10 -0.819310481332378
11 -0.769331054874047
12 -0.755252618268444
13 -0.852486609535392
14 -0.967493905728106
15 -0.922188016858922
16 -0.992847806287172
17 -1.06656636959233
18 -0.940217685555263
19 -1.10614053397774
2 -0.317432175913956
3 -0.412455637687066
4 -0.534581067058594
5 -0.453609291272646
6 -0.483926365959406
7 -0.462347268483649
8 -0.524418598430731
9 -0.498501867536317
10 -0.48929019858631
11 -0.522899975451076
12 -0.505343708082
13 -0.516702177555086
14 -0.577640394384996
15 -0.633243817079136
16 -0.663345236633056
17 -0.772189781725068
18 -0.875542900141941
19 -1.11571109379251
2 -0.333534587382701
3 -0.444733927423814
4 -0.39602271926046
5 -0.365098672146797
6 -0.362662394654909
7 -0.356053217871728
8 -0.404959707923746
9 -0.444685353448153
10 -0.41101724553663
11 -0.432560692869508
12 -0.470419939753372
13 -0.495479524077346
14 -0.500302288053881
15 -0.544842560244529
16 -0.621254722091268
17 -0.725027043467823
18 -0.840975368657301
19 -1.13367158454038
2 -0.339841462119937
3 -0.374406675003147
4 -0.460115921936668
5 -0.557782590725191
6 -0.448641587280365
7 -0.417072422698858
8 -0.416424167806154
9 -0.473406128432308
10 -0.517241994054873
11 -0.501814814523356
12 -0.489647923556152
13 -0.551381814429414
14 -0.646167809492159
15 -0.669597798976693
16 -0.76945906711475
17 -0.917785386628501
18 -1.06324374779904
19 -1.11396829874395
2 -0.543709745183566
3 -0.711514969366567
4 -0.641508931801399
5 -0.60045535303331
6 -0.618987364659946
7 -0.671940807133379
8 -0.600748100127388
9 -0.670334386214998
10 -0.702271721948106
11 -0.698228814808936
12 -0.824806379219776
13 -0.937981413511915
14 -0.975217307277599
15 -0.948727095059706
16 -0.996755336676895
17 -0.980206305891719
18 -1.0999466952765
19 -1.67952569222281
2 -0.487245718553676
3 -0.532798427426136
4 -0.485324325780834
5 -0.436312835286339
6 -0.470195802033509
7 -0.543710323378151
8 -0.631950770214685
9 -0.765099939229588
10 -0.738415931752672
11 -0.74529770788525
12 -0.703180510143901
13 -0.764186044227314
14 -0.826452643493586
15 -0.882360131125446
16 -0.941196255609798
17 -0.944106779919267
18 -1.06031202755808
19 -1.35646563373983
2 -0.394663501165109
3 -0.449024985358494
4 -0.406835723730565
5 -0.375455675226814
6 -0.388382279297089
7 -0.385959283410538
8 -0.386300165025707
9 -0.404034668779167
10 -0.499922994854812
11 -0.514479865103251
12 -0.569569004847682
13 -0.651718543385111
14 -0.711649714469214
15 -0.833515340099515
16 -0.794461880557628
17 -0.958618506165916
18 -1.07426397301539
19 -1.31474548458246
2 -0.497516447034724
3 -0.472646559210235
4 -0.611447503672022
5 -0.559064829706836
6 -0.461273311702151
7 -0.465625957040802
8 -0.4931404493983
9 -0.536530082296565
10 -0.550899150370939
11 -0.722353426469364
12 -0.697245203304182
13 -0.681253297032183
14 -0.762784520510345
15 -0.73039246458993
16 -0.740004972213844
17 -0.782812773816714
18 -0.894871478926083
19 -1.16417793433295
2 -0.369612259673586
3 -0.409510395189434
4 -0.443597253196441
5 -0.460770061771486
6 -0.427618412981791
7 -0.47307915399317
8 -0.468638873547245
9 -0.504066024855595
10 -0.521082351171638
11 -0.552126423113614
12 -0.553045394866995
13 -0.543257948732793
14 -0.548383201157954
15 -0.590284913634344
16 -0.655463001551346
17 -0.695288187567632
18 -0.804598522329045
19 -1.10003469410344
2 -0.257054899516448
3 -0.450689252697792
4 -0.468593649354046
5 -0.556694612290281
6 -0.613216412083282
7 -0.695865116389795
8 -0.689920583624414
9 -0.759299268416205
10 -0.763638865778693
11 -0.8006716376856
12 -0.77911034633467
13 -0.835742457233438
14 -0.91953286420173
15 -1.01855913362347
16 -1.01290277582104
17 -1.03517251849313
18 -1.13899249296018
19 -1.32150437321068
2 -0.548456135536441
3 -0.59308038550006
4 -0.51087740768866
5 -0.517818677268919
6 -0.533243526866173
7 -0.497867171683841
8 -0.549877553027885
9 -0.581195157347646
10 -0.652067637673109
11 -0.659987219510219
12 -0.718694694262983
13 -0.671136252675558
14 -0.625650633054825
15 -0.6267812826778
16 -0.702711012648565
17 -0.799665501209186
18 -0.879296404009141
19 -1.14006833217984
2 -0.31204967018851
3 -0.525830604750501
4 -0.377536585634183
5 -0.356399539036684
6 -0.416264075873002
7 -0.419280577999425
8 -0.433896243069106
9 -0.485218791901619
10 -0.472173917532646
11 -0.543081864881394
12 -0.619740931232198
13 -0.658643968285603
14 -0.730532487975637
15 -0.855859930086789
16 -0.892622235488898
17 -0.940165623162567
18 -1.0231126685382
19 -1.20322488340772
2 -0.458928745104896
3 -0.415118028315051
4 -0.553672654759226
5 -0.490411334877493
6 -0.549934418337916
7 -0.550514900993479
8 -0.512001431165146
9 -0.510695815282567
10 -0.473995670337512
11 -0.490779849949932
12 -0.563358073445825
13 -0.599268111033142
14 -0.632258225452513
15 -0.757496298252004
16 -0.647374495122846
17 -0.71048907875284
18 -0.900661485592879
19 -1.31489290114879
2 -0.373719502842244
3 -0.32767257340888
4 -0.384968780162291
5 -0.403268044079409
6 -0.422935319596885
7 -0.463730573652136
8 -0.45361642420212
9 -0.524782279081272
10 -0.572638146898548
11 -0.586447567104217
12 -0.609944723578465
13 -0.688613370833089
14 -0.759414059817099
15 -0.84125775281217
16 -0.903715947691013
17 -1.33095785521665
18 -1.56251575298162
19 -1.38433567868733
2 -0.406060155195727
3 -0.411941609602333
4 -0.435323379197441
5 -0.44800470672605
6 -0.398301475207672
7 -0.424266979026581
8 -0.475636627448138
9 -0.511004390013248
10 -0.514762571933796
11 -0.530490223547657
12 -0.557001895267534
13 -0.545444236175819
14 -0.59661085777302
15 -0.605833982701409
16 -0.690765476641456
17 -0.771037244874057
18 -0.886063677289342
19 -1.12633684814859
2 -0.389920247144572
3 -0.49403188802864
4 -0.467018592484272
5 -0.442709320153497
6 -0.417718714920293
7 -0.395338922974143
8 -0.378915042727671
9 -0.422065409458728
10 -0.452000754358318
11 -0.504463189155483
12 -0.610176756534209
13 -0.622323873691101
14 -0.627975032345406
15 -0.755592250494793
16 -0.831977587124766
17 -0.911528506149171
18 -1.01579641124707
19 -1.25952966523538
2 -0.351270384080939
3 -0.454077957329255
4 -0.444562991493059
5 -0.503041066596255
6 -0.604419837880283
7 -0.629940180552942
8 -0.638268863666012
9 -0.650224372732242
10 -0.653729733639028
11 -0.580463023070169
12 -0.543161059541572
13 -0.530829777722781
14 -0.550891126708292
15 -0.630160076682981
16 -0.740789484962822
17 -0.896595698275301
18 -1.07373687079834
19 -1.53225716265709
2 -0.395095939430183
3 -0.527143545125004
4 -0.582405636849247
5 -0.680277172464481
6 -0.567774518321544
7 -0.634381281645559
8 -0.620655322545926
9 -0.598822522167541
10 -0.559322689352771
11 -0.611374705650501
12 -0.612907742946801
13 -0.685636281017866
14 -0.798442460276469
15 -0.955436273787984
16 -1.14344827419659
17 -1.08765780262716
18 -1.14238115875042
19 -1.59384802240972
2 -0.373503542674227
3 -0.474542938612953
4 -0.47426464087549
5 -0.432283456584994
6 -0.392066784614927
7 -0.456611758026214
8 -0.510689796905472
9 -0.571435298212248
10 -0.596491685376736
11 -0.659917410036966
12 -0.627083873266448
13 -0.656743959158541
14 -0.754988436266326
15 -0.786435177162261
16 -0.882735702552121
17 -0.9428899943101
18 -1.02646029526889
19 -1.25011295495801
2 -0.244110410092712
3 -0.516604147785489
4 -0.588897978060312
5 -0.555373583560504
6 -0.574105976227307
7 -0.559057377584153
8 -0.595742240262597
9 -0.625479560474873
10 -0.661812353738843
11 -0.660394517001005
12 -0.726133351758001
13 -0.843499308409746
14 -0.886785349048278
15 -0.964834918281613
16 -0.988147162565441
17 -1.18805442070772
18 -1.26274032400886
19 -1.62798146723288
2 -0.313983160540632
3 -0.438466280397511
4 -0.336718502679497
5 -0.383268443878708
6 -0.455226294454389
7 -0.446688836379031
8 -0.404389900453029
9 -0.410710180098211
10 -0.420057593188405
11 -0.375714466154426
12 -0.367752151788192
13 -0.375755545262111
14 -0.448792901454479
15 -0.45796876257393
16 -0.54048486497087
17 -0.651882296878965
18 -0.829331913384351
19 -1.09479530127859
2 -0.365086797181939
3 -0.46675455371183
4 -0.416707287675763
5 -0.470737655590526
6 -0.357867346285335
7 -0.431173750120095
8 -0.417922358512393
9 -0.465770907388317
10 -0.464967299716366
11 -0.475002530201528
12 -0.4464555591795
13 -0.488077126869343
14 -0.546778580322441
15 -0.585137326000023
16 -0.656587652428226
17 -0.792630378293574
18 -1.09374454024133
19 -1.15242123665195
2 -0.484108940310829
3 -0.452229716754935
4 -0.496003089505238
5 -0.474509075449776
6 -0.471264163328381
7 -0.452258274875369
8 -0.369096387212028
9 -0.418227352633062
10 -0.408675080563458
11 -0.432414021225397
12 -0.456042222578552
13 -0.515894777205503
14 -0.544620496049788
15 -0.615026804780136
16 -0.68205983469166
17 -0.769198959448603
18 -0.974869900090976
19 -1.19043308678406
2 -0.545977676994451
3 -0.610406626363539
4 -0.529212177083085
5 -0.567268294543011
6 -0.467736466104494
7 -0.404494155924532
8 -0.388806893772069
9 -0.355927468480713
10 -0.403258219481673
11 -0.372464272443025
12 -0.410932155810056
13 -0.449788153497724
14 -0.497562701438909
15 -0.55399072904968
16 -0.631375330322565
17 -0.741917322415333
18 -0.865427266867524
19 -1.06957626786095
2 -0.666171205971148
3 -0.67168035153257
4 -0.690688259575446
5 -0.55363498007543
6 -0.483011789073778
7 -0.456479163020755
8 -0.409490208473209
9 -0.456609934677419
10 -0.449235356021772
11 -0.438032686773362
12 -0.428857064176054
13 -0.445920855520664
14 -0.518911947651739
15 -0.586333698134819
16 -0.602030603867986
17 -0.714399245214083
18 -0.882645262081716
19 -1.10099375147822
2 -0.407328355606811
3 -0.514331304168569
4 -0.51675925631359
5 -0.566127498016961
6 -0.580698772718481
7 -0.504845684744214
8 -0.577399178802291
9 -0.691258556017121
10 -0.804363192879054
11 -0.900916997847776
12 -0.978179880464508
13 -0.89003762568946
14 -1.02433810045951
15 -1.16504828536064
16 -1.24328729916378
17 -1.29240211613668
18 -1.29985652764841
19 -1.48036774880628
2 -0.571172678384496
3 -0.539300041945571
4 -0.571765253069466
5 -0.695286159854318
6 -0.655867804844598
7 -0.762665097308881
8 -0.724625030198435
9 -0.816727565237132
10 -0.693218585073615
11 -0.733153137418853
12 -0.779988541909754
13 -0.761277377235186
14 -0.65999510510223
15 -0.721412704631584
16 -0.757088920820399
17 -0.875678560143843
18 -1.08329842618973
19 -1.28522522618728
2 -0.42466041087215
3 -0.532704278366223
4 -0.469256228527524
5 -0.547731443590327
6 -0.514115101565493
7 -0.510371294530268
8 -0.538307239268035
9 -0.554126221186812
10 -0.615809232089192
11 -0.645164133439702
12 -0.690257877717715
13 -0.741813813723451
14 -0.77435431024736
15 -0.802589357924232
16 -0.804901117992389
17 -0.884680815839651
18 -1.01098678197347
19 -1.29855156342576
2 -0.462224312118592
3 -0.507065280190266
4 -0.512847862265568
5 -0.482187728783413
6 -0.467699996184301
7 -0.402970206476009
8 -0.48918488526312
9 -0.431401552206299
10 -0.439336320275719
11 -0.4022452656419
12 -0.427727505125574
13 -0.457632473588178
14 -0.507506525569891
15 -0.553642221157469
16 -0.63887808932145
17 -0.742387649973365
18 -0.904893167582049
19 -1.20057056406317
2 -0.365211589533055
3 -0.462832331730946
4 -0.603562219501102
5 -0.590504564564949
6 -0.510651839127543
7 -0.513326557762478
8 -0.488743627010502
9 -0.495417921536875
10 -0.57032760624732
11 -0.605191801889516
12 -0.671650746076543
13 -0.670924177015114
14 -0.743488458618834
15 -0.798625414433978
16 -0.794246633236509
17 -0.879613219637006
18 -1.0914721785346
19 -1.82088118102334
2 -0.329146339427328
3 -0.604218563102982
4 -0.524491112343178
5 -0.53928938845671
6 -0.454854925045567
7 -0.396683031003062
8 -0.427520307042411
9 -0.478509176586454
10 -0.496957898232949
11 -0.485663628827648
12 -0.518960614589761
13 -0.525288078662771
14 -0.57870157583366
15 -0.619586957704623
16 -0.681059538821772
17 -0.794162963458696
18 -0.953638178025055
19 -1.23254958985905
2 -0.341780672580333
3 -0.472060790466775
4 -0.425363894898408
5 -0.436916594394849
6 -0.481812561201222
7 -0.482715521186882
8 -0.488761366578473
9 -0.501019739307715
10 -0.541758050651437
11 -0.541499212369437
12 -0.552891040981694
13 -0.625343374254053
14 -0.626976553532725
15 -0.695903745101485
16 -0.707900407739057
17 -0.942058240378874
18 -1.34329894721427
19 -1.85380313123595
2 -0.457518912959373
3 -0.529139473403614
4 -0.535454850069713
5 -0.530629954615885
6 -0.502686268203621
7 -0.467042385199059
8 -0.450041999810988
9 -0.399247464749184
10 -0.410521361276762
11 -0.410942244011374
12 -0.438143416774478
13 -0.456699555411411
14 -0.511388653476576
15 -0.58332554375413
16 -0.673916417427263
17 -0.792692514085774
18 -0.908148230547276
19 -1.14520889389714
2 -0.404918215947286
3 -0.611591034635322
4 -0.641741882076115
5 -0.683742104566577
6 -0.733054003353006
7 -0.768123757876536
8 -0.637506142085791
9 -0.64579171261876
10 -0.684723664306644
11 -0.694864818577922
12 -0.805717041169835
13 -0.907400428789105
14 -1.01708963732261
15 -1.13392698392384
16 -1.28991841447666
17 -1.46844071215671
18 NaN
19 -1.68599834573667
2 -0.393555538600412
3 -0.436874008702013
4 -0.424766015750587
5 -0.5108700813545
6 -0.505821025076832
7 -0.489184021208115
8 -0.495548618588474
9 -0.512485166471501
10 -0.556418306532282
11 -0.540763037432642
12 -0.607689448220284
13 -0.631653882923992
14 -0.668921253336877
15 -0.721946512272069
16 -0.832016937918471
17 -0.820036104883216
18 -0.904484076701016
19 -1.16786173148494
2 -0.454085375015574
3 -0.580243895522202
4 -0.586104907290046
5 -0.549316943266658
6 -0.59787514167208
7 -0.595581239952793
8 -0.596513454396707
9 -0.596935500618295
10 -0.630521757296822
11 -0.592923741096932
12 -0.574346407506127
13 -0.673323662950772
14 -0.731443708531487
15 -0.757775701755891
16 -0.854692826072191
17 -1.01205670336957
18 -1.19029848263325
19 -1.40835101370704
2 -0.48206694382574
3 -0.463531815907556
4 -0.431476571437113
5 -0.493805751111312
6 -0.438225321579473
7 -0.410371009783411
8 -0.456288939219008
9 -0.468752825533882
10 -0.439913024442345
11 -0.417449568788273
12 -0.419896175883958
13 -0.473612713300511
14 -0.521196871055006
15 -0.545967319863264
16 -0.597768638905365
17 -0.74785416878603
18 -1.02439822695474
19 -1.14212713838947
2 -0.402521750688329
3 -0.586626805493738
4 -0.720390409308377
5 -0.714535440829608
6 -0.582935255270835
7 -0.53835870967602
8 -0.642062979903559
9 -0.675136402444978
10 -0.647328488693281
11 -0.69536744181084
12 -0.725779270695644
13 -0.696620586387751
14 -0.671623027146044
15 -0.711872749406934
16 -0.739582347746723
17 -0.853524766409276
18 -1.01932270447766
19 -1.29966966275411
2 -0.268703292203101
3 -0.447608426662727
4 -0.528068162732469
5 -0.573453370567029
6 -0.529662904405991
7 -0.495146998835755
8 -0.546579773984713
9 -0.51545034883397
10 -0.486951575062555
11 -0.434047632015714
12 -0.439196094579495
13 -0.438609346504339
14 -0.531300090292827
15 -0.569120580513144
16 -0.588565350046817
17 -0.719302945364321
18 -0.898368044386462
19 -1.18433323816229
2 -0.381569367599283
3 -0.484384000597543
4 -0.47587749422797
5 -0.473930420167959
6 -0.449256385801372
7 -0.410392997764674
8 -0.387803455627716
9 -0.367058376852117
10 -0.400238453164882
11 -0.420378917214258
12 -0.459140282162867
13 -0.494540726469479
14 -0.498600002895463
15 -0.613932810014981
16 -0.685659456134849
17 -0.744656393537751
18 -0.789580232267107
19 -1.04430041588778
2 -0.396805180202807
3 -0.476251470014774
4 -0.523136398695603
5 -0.59486066332121
6 -0.61023300667821
7 -0.683107933601027
8 -0.655359515998868
9 -0.725480837495347
10 -0.660035876215723
11 -0.663049410702579
12 -0.657166071799783
13 -0.632985662815492
14 -0.695885316686648
15 -0.739621031074748
16 -0.816097824481247
17 -0.987244838579041
18 -1.10238789131711
19 -1.48268570875653
2 -0.381262344799002
3 -0.510187145517811
4 -0.54057684342574
5 -0.481491869303562
6 -0.447390028559995
7 -0.430773543159418
8 -0.499574338622687
9 -0.520137523681253
10 -0.45849020018583
11 -0.580886455813758
12 -0.643562542567716
13 -0.63551009652624
14 -0.666213715945395
15 -0.643168667940307
16 -0.731746589131318
17 -0.860230549057681
18 -1.01184065818505
19 -1.225815250257
2 -0.381531825109596
3 -0.576447999646269
4 -0.584489678334317
5 -0.504326591089985
6 -0.435139129696136
7 -0.424714068192435
8 -0.4605690869571
9 -0.459842393724829
10 -0.495483159540661
11 -0.524925932748557
12 -0.567944118126174
13 -0.536384670480103
14 -0.591066873759494
15 -0.625547909277992
16 -0.679510359269428
17 -0.775353687798367
18 -0.879404934026472
19 -1.17800676826038
2 -0.371946155820194
3 -0.482906551726825
4 -0.591429821844849
5 -0.468747230984273
6 -0.436744885559404
7 -0.389616474486178
8 -0.385618827176591
9 -0.353487332961859
10 -0.399365827154128
11 -0.440047697076194
12 -0.423818859397563
13 -0.456022038497905
14 -0.509269265915588
15 -0.576443189638299
16 -0.584281869667565
17 -0.67714098816964
18 -0.848943626741698
19 -1.14073946203461
2 -0.320798437679825
3 -0.444734762401427
4 -0.449111097243361
5 -0.417706834008528
6 -0.420081867124562
7 -0.480740844652398
8 -0.546251521568518
9 -0.554584713893107
10 -0.616917957731384
11 -0.632748052675061
12 -0.716008516158807
13 -0.747215510179204
14 -0.788320714961364
15 -0.825663668472075
16 -0.786749261005465
17 -0.877932037570358
18 -0.999637568789846
19 -1.12924367717811
2 -0.332202523689229
3 -0.518038095679729
4 -0.501218020124561
5 -0.517404277103727
6 -0.439053531142558
7 -0.362070649890473
8 -0.355172708305495
9 -0.365923541144093
10 -0.353471702710719
11 -0.384601865913028
12 -0.41800000630196
13 -0.471106037312338
14 -0.52203053143824
15 -0.607752792962816
16 -0.632472216628891
17 -0.72648021486691
18 -0.928552983801554
19 -1.14398011456647
2 -0.362422193649882
3 -0.451582881841261
4 -0.66052371550914
5 -0.448970178022345
6 -0.441504240673947
7 -0.378989588095394
8 -0.40895866960189
9 -0.434804361244857
10 -0.401985846469348
11 -0.41861779191237
12 -0.476271780646174
13 -0.538902108576628
14 -0.591967933637854
15 -0.690887866357915
16 -0.691006833991238
17 -0.872705725936969
18 -0.945082074008599
19 -1.28910475214227
2 -0.381969578682089
3 -0.449482994228879
4 -0.552708709731616
5 -0.55352359564093
6 -0.380970117089523
7 -0.465739378916573
8 -0.429938342486912
9 -0.448389638816666
10 -0.460753301891416
11 -0.507809388974249
12 -0.500227571757804
13 -0.54517037843316
14 -0.662442971756989
15 -0.621114525576658
16 -0.692090800859106
17 -0.759068860608041
18 -0.866798550732239
19 -1.06348610041503
2 -0.25169243302865
3 -0.378552345201112
4 -0.332841092984799
5 -0.385613822943348
6 -0.402081366283365
7 -0.524949487402314
8 -0.474610480950695
9 -0.463563379381852
10 -0.444969968970692
11 -0.440033925804525
12 -0.491625315619042
13 -0.58064086586618
14 -0.641528785988417
15 -0.689966915924498
16 -0.750342528477692
17 -0.845092114861797
18 -0.974549116178912
19 -1.15666732412841
2 -0.465986635471891
3 -0.621136045504603
4 -0.427587248882712
5 -0.500218311663174
6 -0.468211206182207
7 -0.448544373478234
8 -0.47858227859711
9 -0.504822586674398
10 -0.452411712935299
11 -0.503838412780237
12 -0.579331187481868
13 -0.666733862646038
14 -0.720810357384286
15 -0.805191075034745
16 -0.893384395315025
17 -0.962249521078876
18 -1.14245999175083
19 -1.62405049659968
2 -0.337543813836826
3 -0.438307326339306
4 -0.465427157583627
5 -0.578347235057152
6 -0.490284733313649
7 -0.482695111392112
8 -0.509010901285081
9 -0.443917196470536
10 -0.501708988826654
11 -0.456440940816165
12 -0.539166984724721
13 -0.527272981022434
14 -0.611259583394407
15 -0.587679854773478
16 -0.658406951614087
17 -0.718314693325153
18 -0.904473541051772
19 -1.24632781381249
2 -0.293167242054281
3 -0.503319745490297
4 -0.513702309404316
5 -0.556521336453517
6 -0.474755091383053
7 -0.59766674050845
8 -0.613181115092578
9 -0.596115805512921
10 -0.617811774228389
11 -0.573587890541749
12 -0.568941648683167
13 -0.524452242994386
14 -0.576570940422768
15 -0.566977305124313
16 -0.650110216124397
17 -0.743303039217576
18 -0.875922747761708
19 -1.11121837741761
2 -0.342924418160933
3 -0.378964896456473
4 -0.39818082489207
5 -0.490257862564952
6 -0.466658495367277
7 -0.458706096565867
8 -0.451247557380963
9 -0.438823406290792
10 -0.479960097090105
11 -0.446582578578971
12 -0.471370836967415
13 -0.533161776726788
14 -0.524233201765232
15 -0.510449996088065
16 -0.60951937117998
17 -0.702045115189262
18 -0.828252118885469
19 -1.06321254335151
2 -0.297586548298614
3 -0.422875912276571
4 -0.444661122916546
5 -0.428170382303509
6 -0.362793260460247
7 -0.330793594852954
8 -0.4198355385055
9 -0.457572996922586
10 -0.465760583265485
11 -0.537893841256966
12 -0.520956170716792
13 -0.609444950496262
14 -0.690368740215712
15 -0.802119304297246
16 -0.802927207629579
17 -0.803117699109634
18 -0.910110136970804
19 -1.10046765096694
2 -0.355666417715368
3 -0.452838787860763
4 -0.543237576425165
5 -0.700411766862369
6 -0.739104172673305
7 -0.690420651222154
8 -0.683465625096348
9 -0.651628439422204
10 -0.668194322799557
11 -0.643253623271731
12 -0.611394953404594
13 -0.643147142075678
14 -0.642099732588376
15 -0.687571357150786
16 -0.798039787075455
17 -0.89250503083957
18 -0.936099264987365
19 -1.16496974669068
2 -0.368656324451819
3 -0.688582213956717
4 -0.535253176478731
5 -0.486333420637752
6 -0.496314017140725
7 -0.567207198650409
8 -0.548372699398233
9 -0.478018518171929
10 -0.456888610428651
11 -0.499585725902054
12 -0.536525854073128
13 -0.613890063925465
14 -0.676453322485741
15 -0.795719038602945
16 -1.00396644702314
17 -0.983896821400284
18 -1.12329093840522
19 -1.37430789505265
2 -0.359237717849521
3 -0.433759327742385
4 -0.41580515779786
5 -0.412622905734531
6 -0.421579096646475
7 -0.40385995073253
8 -0.430505681684463
9 -0.50656237686973
10 -0.488444301127351
11 -0.548161268388139
12 -0.597557206161896
13 -0.671030364203845
14 -0.660002699519391
15 -0.702730845298399
16 -0.729070963684455
17 -0.763938239797383
18 -0.830685127163584
19 -1.06486013215884
2 -0.517249765660779
3 -0.502046218288307
4 -0.48634353761957
5 -0.428727004705264
6 -0.405807131925938
7 -0.376065043763178
8 -0.359391433495619
9 -0.376831988538691
10 -0.417961408253968
11 -0.47032030098939
12 -0.489072366963727
13 -0.554243505431684
14 -0.644221575597217
15 -0.706099707114283
16 -0.799278009148509
17 -0.891682651023803
18 -1.1565498092944
19 -1.35811517858498
2 -0.413925336302716
3 -0.485342414937755
4 -0.488274549775335
5 -0.369554223634087
6 -0.326045183091519
7 -0.343962254734698
8 -0.363504729188277
9 -0.38400157446778
10 -0.427126216422762
11 -0.477768587584361
12 -0.496755447925858
13 -0.596073744635854
14 -0.703583636361801
15 -0.706782505945149
16 -0.880048492790256
17 -1.0233858759617
18 -1.32828630988602
19 -1.59087043782334
2 -0.336427501637221
3 -0.449469469929555
4 -0.437588967496856
5 -0.396095381022138
6 -0.382360195056472
7 -0.36604875570108
8 -0.377490752538111
9 -0.403441536672521
10 -0.410062924442472
11 -0.429967826426913
12 -0.47079579684644
13 -0.512314633581584
14 -0.536006495134886
15 -0.621371518032178
16 -0.768336324606057
17 -0.949271437045301
18 -1.25911840362472
19 -1.71628255656285
2 -0.385154344702297
3 -0.576963666426801
4 -0.61737466769802
5 -0.480760723102234
6 -0.570477492775438
7 -0.575878868599366
8 -0.577655895360977
9 -0.632759682650918
10 -0.623389106058957
11 -0.595047351345246
12 -0.64792784790792
13 -0.717531814580099
14 -0.78712105439977
15 -0.774721427532176
16 -0.741648131371911
17 -0.872131921320358
18 -0.918976032485019
19 -1.23600602906921
2 -0.398303958397819
3 -0.448458848515066
4 -0.506516795598387
5 -0.427980135526551
6 -0.434864937724682
7 -0.446197030161415
8 -0.577458471774164
9 -0.691570484607813
10 -0.649972287999241
11 -0.640196778709616
12 -0.769886346392183
13 -0.819223367303448
14 -0.763276924315277
15 -0.754189189523048
16 -0.693721426432535
17 -0.805910931904997
18 -0.953216133083157
19 -1.20707144809852
2 -0.259584550905428
3 -0.440197686520384
4 -0.539087256953037
5 -0.530401048887721
6 -0.556825111662355
7 -0.607607214614979
8 -0.594049265970729
9 -0.604119807139056
10 -0.674043965220183
11 -0.743852020110539
12 -0.673521393538692
13 -0.628807361379806
14 -0.722411561323979
15 -0.792728066805457
16 -0.810555146425476
17 -1.01325537574722
18 -1.07447742457582
19 -1.4133412125025
2 -0.407236677512477
3 -0.497755562261702
4 -0.498957508160362
5 -0.441017690629202
6 -0.510720479025046
7 -0.556459980266319
8 -0.539792428450202
9 -0.55881193972431
10 -0.618326372880963
11 -0.613755546765781
12 -0.60001109380407
13 -0.628169785918577
14 -0.667300840275296
15 -0.643659403380001
16 -0.642540770349579
17 -0.717185743569207
18 -0.888903380046912
19 -1.1209029880546
2 -0.351352105174007
3 -0.423804404804802
4 -0.490644531371603
5 -0.505247387484291
6 -0.541972589248297
7 -0.523074347618805
8 -0.501818448940871
9 -0.548931756747269
10 -0.553362386243006
11 -0.553497406565957
12 -0.587107906287762
13 -0.65125524575877
14 -0.745656094658989
15 -0.77892227681587
16 -0.769246970628318
17 -0.810628666961534
18 -0.935272196719475
19 -1.17832735939672
2 -0.294929682589419
3 -0.387802176557712
4 -0.405255454537901
5 -0.442893339380313
6 -0.437341291261411
7 -0.505674822524374
8 -0.476234868353687
9 -0.464208090827668
10 -0.480330850507606
11 -0.530034156418354
12 -0.557728870322119
13 -0.578835947010619
14 -0.695304261069955
15 -0.806385908738848
16 -0.866934061289212
17 -0.943681477566988
18 -0.994497031324601
19 -1.17135147118977
2 -0.639249138002128
3 -0.572639152496637
4 -0.554045065737436
5 -0.636610558907083
6 -0.540273436908314
7 -0.540089151147306
8 -0.521555461471279
9 -0.53991633797915
10 -0.520333519445422
11 -0.525364139722851
12 -0.572954847335275
13 -0.62933530536316
14 -0.633412757961869
15 -0.628315470940017
16 -0.693332247013723
17 -0.809183562442253
18 -0.97165397517678
19 -1.21886205194046
2 -0.347085433387844
3 -0.585080877981419
4 -0.594757297277645
5 -0.465409657196483
6 -0.455357900224157
7 -0.433119940399583
8 -0.399648321485578
9 -0.393126048423327
10 -0.399524976322311
11 -0.389201994480401
12 -0.44229425580892
13 -0.505534150445636
14 -0.546884740598547
15 -0.590657287361448
16 -0.68983577213597
17 -0.734143563117238
18 -0.892675551470517
19 -1.16698266663765
2 -0.393344868287532
3 -0.350680070867829
4 -0.382240827116347
5 -0.375646724134447
6 -0.446281310976361
7 -0.494677597872301
8 -0.515497272017542
9 -0.559452198122862
10 -0.527117281170237
11 -0.597297507988565
12 -0.615646076619464
13 -0.607248380358377
14 -0.645318860995098
15 -0.627110388676693
16 -0.722998470639603
17 -0.828744278244389
18 -0.996813124986204
19 -1.15806178344136
2 -0.392107571907978
3 -0.560697355840874
4 -0.474024730732485
5 -0.439467658539959
6 -0.475091675172144
7 -0.457753323431934
8 -0.471399503346513
9 -0.548568944532458
10 -0.568657682529495
11 -0.578124721494078
12 -0.636803673655115
13 -0.592045810568674
14 -0.669315015805275
15 -0.719697956276881
16 -0.76854653943199
17 -0.838435953068339
18 -0.912308464010673
19 -1.2433919518954
2 -0.347908589530131
3 -0.457189660657706
4 -0.467506190470066
5 -0.61521760677842
6 -0.603520701179739
7 -0.606209936619794
8 -0.565674192270463
9 -0.492358706183217
10 -0.536067252709124
11 -0.524111772348216
12 -0.553591680467042
13 -0.522371420299912
14 -0.490401331124688
15 -0.530515129725164
16 -0.59445150039869
17 -0.696487366175846
18 -0.873082715810959
19 -1.14173216876364
2 -0.284963968275252
3 -0.478968053458742
4 -0.472625032262081
5 -0.53432331372889
6 -0.551125902915726
7 -0.621046400676703
8 -0.63039517171032
9 -0.645220379138742
10 -0.607262789343482
11 -0.588346110141496
12 -0.59307590885716
13 -0.619438126581737
14 -0.63188662697683
15 -0.659291982451553
16 -0.71953962965392
17 -0.783403660817638
18 -0.909627812522811
19 -1.13012249188675
2 -0.385075028432669
3 -0.501727099752856
4 -0.495052859128001
5 -0.499389944275958
6 -0.619599977007753
7 -0.628684516402994
8 -0.626902352054539
9 -0.678639702853603
10 -0.646630767230127
11 -0.746811419148731
12 -0.762335769771332
13 -0.716686353777268
14 -0.754308117293181
15 -0.816788080254156
16 -1.00489380887548
17 -1.00592404114003
18 -1.02524211763961
19 -1.22560802570124
2 -0.327394112621939
3 -0.421237450585317
4 -0.624668526284387
5 -0.589682234341062
6 -0.571566296850338
7 -0.500106910196806
8 -0.506915614464584
9 -0.56072632435952
10 -0.569340329132841
11 -0.585995945895098
12 -0.679855027849262
13 -0.737306730257415
14 -0.834169142500162
15 -0.839622973699276
16 -0.913985862414782
17 -0.856222392751026
18 -0.86175479887355
19 -1.150062960829
2 -0.499137091730589
3 -0.526227825467701
4 -0.569273967576891
5 -0.588992847614551
6 -0.564199459445214
7 -0.527831727610421
8 -0.522788089404794
9 -0.560425350619389
10 -0.556629572774246
11 -0.628437960656587
12 -0.662021012056019
13 -0.693339862265854
14 -0.824038992737928
15 -1.00488147346993
16 -1.06305287162798
17 -1.09093757472061
18 -1.17642227798007
19 -1.40286895446894
2 -0.454377388074704
3 -0.481044717824139
4 -0.428733726703768
5 -0.494332412415081
6 -0.507992307621937
7 -0.430699098259352
8 -0.565605327748528
9 -0.628691315752941
10 -0.662653020044382
11 -0.718611443981132
12 -0.767119074687892
13 -0.811860616747907
14 -0.912893457788534
15 -0.961506167678193
16 -1.01244932398543
17 -1.37846227278019
18 -1.46421541634097
19 -1.50634938895323
2 -0.372644422310004
3 -0.545490390592772
4 -0.478456926114137
5 -0.460845020192316
6 -0.471719919194565
7 -0.456984089830377
8 -0.505923373266646
9 -0.578101561582989
10 -0.619095886700846
11 -0.647647343300003
12 -0.583857568453929
13 -0.62977946685095
14 -0.677865715951419
15 -0.700609846231035
16 -0.684525011445632
17 -0.734965318207682
18 -0.827516955852661
19 -1.12318427747451
2 -0.368133479600631
3 -0.381870451559772
4 -0.356428321268825
5 -0.329061387867058
6 -0.323857509458209
7 -0.330763686228061
8 -0.374378992468514
9 -0.398736385353556
10 -0.385880320621976
11 -0.421090456936045
12 -0.468057760513196
13 -0.557240584534629
14 -0.636230919659746
15 -0.739576967716584
16 -0.888823436735777
17 -0.882252634092368
18 -0.990245852553137
19 -1.13532490336775
2 -0.394872212848637
3 -0.444923495129857
4 -0.475179588861053
5 -0.436088892959253
6 -0.424083812289932
7 -0.418490858883568
8 -0.422328712193623
9 -0.437136802260761
10 -0.470480631052636
11 -0.485811932143245
12 -0.527602596146711
13 -0.590657980338468
14 -0.544121830485189
15 -0.578597367440759
16 -0.618592499672639
17 -0.744509184763028
18 -0.872300013149923
19 -1.22702082802774
2 -0.289243137136778
3 -0.424194897933772
4 -0.435781581219023
5 -0.462096480328378
6 -0.430706874375085
7 -0.494877650047194
8 -0.552405267144441
9 -0.579551542247915
10 -0.672167794613776
11 -0.67798497955402
12 -0.672168312588939
13 -0.692117678381568
14 -0.74359217152923
15 -0.711555929435095
16 -0.742621313538355
17 -0.879271725123334
18 -1.08258625810541
19 -1.15344327318835
2 -0.464167538105935
3 -0.547063813381879
4 -0.604580493499384
5 -0.6239416944238
6 -0.658424472349657
7 -0.68113169913733
8 -0.670822588578669
9 -0.906094097911163
10 -1.06821806294889
11 -1.1403528947853
12 -1.09032562163067
13 -1.2487763672653
14 -1.14905715070028
15 -1.08907682225445
16 -1.07150594782185
17 -1.14270112534711
18 -1.26911525840971
19 -1.54468966818077
2 -0.339270596864761
3 -0.456090063115756
4 -0.411699397794727
5 -0.398411546148509
6 -0.556202921852957
7 -0.54901716221911
8 -0.588663979543789
9 -0.522825902921823
10 -0.528711056979044
11 -0.565169183121407
12 -0.623232763114153
13 -0.596731750214271
14 -0.669043020455789
15 -0.666762393187165
16 -0.703321732221986
17 -0.77794676331681
18 -0.910645950258564
19 -1.15860869736332
2 -0.417823809460145
3 -0.529741275266731
4 -0.448331200649065
5 -0.335743460638153
6 -0.40050211518561
7 -0.451048559401967
8 -0.380837982236336
9 -0.420753461399238
10 -0.476190414160876
11 -0.498589129162279
12 -0.527386806208579
13 -0.544832608908114
14 -0.585319496644337
15 -0.65179994905632
16 -0.709422651746785
17 -0.803498296222706
18 -1.09276447752849
19 -1.16274436732228
2 -0.434237134383797
3 -0.497971991830244
4 -0.485506187440701
5 -0.578544647991266
6 -0.511284066559883
7 -0.518632982777126
8 -0.522209965849699
9 -0.528162382696502
10 -0.547943300312256
11 -0.577269204893174
12 -0.644037831498659
13 -0.700804489713411
14 -0.776906287311995
15 -0.808614024401517
16 -0.901573691642659
17 -1.05590322061799
18 -1.20617577339403
19 -1.45680402545752
2 -0.365057388714163
3 -0.335204225583155
4 -0.399011823708417
5 -0.389280187635454
6 -0.379597318050039
7 -0.365235270772567
8 -0.375947851995525
9 -0.436381657830841
10 -0.479567291031974
11 -0.454755654938694
12 -0.484559990279328
13 -0.53108704858998
14 -0.594167634536437
15 -0.619179802660921
16 -0.705334275625489
17 -0.77239418011878
18 -0.868952321619356
19 -1.08835564297365
2 -0.399087274759023
3 -0.417630685693672
4 -0.458822539011262
5 -0.464735403610046
6 -0.445640925270179
7 -0.445279549632161
8 -0.45561078509994
9 -0.467073306886967
10 -0.469620842531178
11 -0.498447218731592
12 -0.538123903315855
13 -0.593424875672503
14 -0.664318256016866
15 -0.766058634864682
16 -0.880160005767272
17 -0.935297161798173
18 -1.06698453071285
19 -1.52837171214124
2 -0.365157041734617
3 -0.409230322451965
4 -0.52660221898498
5 -0.554093935337562
6 -0.537385070598228
7 -0.552854390326093
8 -0.545923458814706
9 -0.487515752550062
10 -0.515168235252698
11 -0.522833711290577
12 -0.573058960378169
13 -0.555641027875149
14 -0.594776506351007
15 -0.643922248536364
16 -0.675569067674961
17 -0.758393902501979
18 -0.887049750189359
19 -1.27190656063697
2 -0.480307656845363
3 -0.57632385186177
4 -0.508517256121515
5 -0.585252280345799
6 -0.582320871093685
7 -0.58664834572897
8 -0.600300609285481
9 -0.531021348882193
10 -0.542203541517939
11 -0.610486956331145
12 -0.679278712438729
13 -0.687076516129883
14 -0.709984632105248
15 -0.765005487100704
16 -0.825832391589623
17 -0.913306977681792
18 -1.10354055492555
19 -1.40702104176889
2 -0.334786251855345
3 -0.421126448401837
4 -0.51355514938523
5 -0.491578786524474
6 -0.481482098524379
7 -0.548963456283434
8 -0.647670885146436
9 -0.658471367417065
10 -0.629882599355431
11 -0.742225970747648
12 -0.793060136946329
13 -0.743641220104549
14 -0.811099294983247
15 -0.890734194780151
16 -0.846546696383507
17 -0.919539547876833
18 -1.02948091002495
19 -1.1867011919263
2 -0.432136233266275
3 -0.495969520845889
4 -0.506479495495957
5 -0.504926375930136
6 -0.557319394641126
7 -0.530324765971432
8 -0.549294198109715
9 -0.513380050865704
10 -0.484332381939868
11 -0.526129082186034
12 -0.503022475229059
13 -0.534660247763621
14 -0.596904346164
15 -0.678588618515253
16 -0.79286788176158
17 -0.932556258989613
18 -1.4535725501473
19 -1.21893632532334
2 -0.402591621718681
3 -0.455180480983037
4 -0.539213449760553
5 -0.508114934734131
6 -0.445432625641326
7 -0.439487857966783
8 -0.4544276559279
9 -0.459785081648001
10 -0.49189260776336
11 -0.519595363286432
12 -0.566173598967745
13 -0.585634970599904
14 -0.55695416023795
15 -0.573550048107973
16 -0.615087074834669
17 -0.710831461336001
18 -0.861878121739245
19 -1.25546193541845
2 -0.404131419659799
3 -0.469432137975032
4 -0.584350181194947
5 -0.498496217929175
6 -0.425549973774978
7 -0.41554028135866
8 -0.380271586401854
9 -0.421607704302876
10 -0.448977849680765
11 -0.462040384065601
12 -0.516138083001648
13 -0.49871943488524
14 -0.561322212241843
15 -0.656592644629661
16 -0.803091426118461
17 -0.985330854533852
18 -1.05217189501669
19 -1.12681879778674
2 -0.37174414253901
3 -0.562163887058434
4 -0.536857123483732
5 -0.62370052724331
6 -0.608696611938628
7 -0.51620927923318
8 -0.515034919740963
9 -0.397126322068947
10 -0.441204706008857
11 -0.501037637333256
12 -0.520099007337616
13 -0.574455056464348
14 -0.577093322421044
15 -0.657544114415956
16 -0.698024979592187
17 -0.838520031042583
18 -0.9776617973513
19 -1.27457554559398
2 -0.345781371215632
3 -0.406508647154581
4 -0.483378525916968
5 -0.488003265832975
6 -0.489430133084209
7 -0.537868949908935
8 -0.589903022299854
9 -0.59683876351707
10 -0.628597394961863
11 -0.565080633425633
12 -0.56363655695795
13 -0.596166125010162
14 -0.676778617490384
15 -0.752966021153093
16 -0.896563757476232
17 -0.984617759918519
18 -1.32521434737571
19 -1.67062097709258
2 -0.46028554872062
3 -0.486898443027297
4 -0.453376740613314
5 -0.435918513499166
6 -0.410420008362055
7 -0.525166873003472
8 -0.502872955532123
9 -0.529038596792059
10 -0.599100210192366
11 -0.746204377089133
12 -0.668722385924271
13 -0.6476688718575
14 -0.738682805213931
15 -0.774612232604998
16 -0.822569048829647
17 -0.88726112756605
18 -0.970514048290257
19 -1.38972283010659
2 -0.332131403790133
3 -0.425169802190393
4 -0.440860897549486
5 -0.573569610833043
6 -0.627836959455222
7 -0.541526504276976
8 -0.586608349915484
9 -0.533012883530217
10 -0.55985159321973
11 -0.547105847644533
12 -0.535216682926238
13 -0.579852740482271
14 -0.646613646740438
15 -0.773763055377139
16 -0.890359496200274
17 -1.06372865276131
18 -1.179136728619
19 -1.36710870668225
2 -0.489709043115868
3 -0.560697765218096
4 -0.642640953639156
5 -0.58111661910514
6 -0.569182180351174
7 -0.594092475506634
8 -0.574502511788955
9 -0.567859274634547
10 -0.539590762118718
11 -0.614380403123157
12 -0.611025490904781
13 -0.58377032267552
14 -0.590017941163229
15 -0.626381115676257
16 -0.690934391588055
17 -0.718622628711549
18 -0.850136423804221
19 -1.09914642332124
2 -0.429276915625652
3 -0.669290480826446
4 -0.572992228607447
5 -0.58397252436013
6 -0.59069102715465
7 -0.537448605884841
8 -0.636715514515279
9 -0.584919600736438
10 -0.615719502941804
11 -0.646189740479324
12 -0.743275872668027
13 -0.863991936900572
14 -0.954075768382167
15 -0.990328414940199
16 -0.894080224155855
17 -0.935428554679665
18 -1.05141751627379
19 -1.38044840030518
2 -0.320573944827166
3 -0.389713170507385
4 -0.386311136964078
5 -0.357933711632378
6 -0.442899262471575
7 -0.438141095968949
8 -0.442531557925105
9 -0.478424245648902
10 -0.452119535360712
11 -0.50706635855661
12 -0.590453807630966
13 -0.602365519045057
14 -0.646189542738484
15 -0.687707156724049
16 -0.75696846960577
17 -0.875539529932224
18 -1.03377869348431
19 -1.46319172461289
2 -0.350747181067353
3 -0.448805280245223
4 -0.420903292195553
5 -0.425404502666385
6 -0.474845740935201
7 -0.452240089006709
8 -0.501080716623688
9 -0.490570700348593
10 -0.526360190318909
11 -0.524499687635889
12 -0.569393129916308
13 -0.56783143840744
14 -0.637259065406882
15 -0.758953472507699
16 -0.843586782792223
17 -0.887652229958699
18 -1.05236616956968
19 -1.32259929979155
2 -0.336279330536714
3 -0.451308191355649
4 -0.445688520031805
5 -0.389265690615244
6 -0.35353243510928
7 -0.353833444792516
8 -0.395047679602816
9 -0.463824106172433
10 -0.492039362993213
11 -0.527742682077575
12 -0.510250160767398
13 -0.553884436490331
14 -0.538490530580262
15 -0.607918769238463
16 -0.682607386021882
17 -0.78423190841164
18 -0.946241893544746
19 -1.16086379225554
2 -0.322733828968926
3 -0.422960451885215
4 -0.468953246396477
5 -0.446675804667868
6 -0.429691131470519
7 -0.48689368473784
8 -0.546656132221098
9 -0.519500997952388
10 -0.53567869025971
11 -0.620615215400956
12 -0.714231806826432
13 -0.674249495613654
14 -0.694488199641909
15 -0.733234099779816
16 -0.893399581847071
17 -0.835963558995236
18 -1.02623361363129
19 -1.59875968365459
2 -0.416031854172567
3 -0.39514541579488
4 -0.413092112315625
5 -0.46465345670906
6 -0.525006712597768
7 -0.520650064225623
8 -0.630563186780052
9 -0.59772403213584
10 -0.562531375908613
11 -0.564039914517855
12 -0.614335325671778
13 -0.64352892423519
14 -0.69935376842815
15 -0.81015450670364
16 -0.777275579778799
17 -0.928238199710222
18 -1.10150034603092
19 -1.18225241786238
2 -0.388707493400996
3 -0.535427453454791
4 -0.528153503922781
5 -0.483723752267372
6 -0.509415201286268
7 -0.46351076391797
8 -0.43866220217173
9 -0.475294650192439
10 -0.444160290138055
11 -0.524777177914226
12 -0.568019698208352
13 -0.565938170539356
14 -0.614589446600067
15 -0.709771195895964
16 -0.766601466418105
17 -0.834709565258574
18 -0.951369298276707
19 -2.09123604026244
2 -0.339898725163394
3 -0.510311455454018
4 -0.496644461265492
5 -0.513004047687322
6 -0.568412329401379
7 -0.539051442551341
8 -0.575121749471383
9 -0.627269619735241
10 -0.617429932060727
11 -0.645663996159835
12 -0.607903909017439
13 -0.650208572315442
14 -0.706027609303645
15 -0.760120044531515
16 -0.845045638921021
17 -0.774864114993878
18 -0.913484698713603
19 -1.26317353101878
2 -0.461190906154473
3 -0.476771844981019
4 -0.496242319614502
5 -0.482634266622189
6 -0.416771258986544
7 -0.510318121885949
8 -0.59866567293692
9 -0.65409004621538
10 -0.67647106801854
11 -0.647527084514721
12 -0.721533427529462
13 -0.768569292997343
14 -0.717889683792516
15 -0.679036372863295
16 -0.732109460900457
17 -0.792751592935839
18 -0.911555494072859
19 -1.10593176241879
2 -0.346428185501055
3 -0.467071492697681
4 -0.510698572789698
5 -0.634048010302812
6 -0.63285332965853
7 -0.597628352047046
8 -0.620779360101952
9 -0.606844504628983
10 -0.676265270446949
11 -0.696600633742651
12 -0.691668504193364
13 -0.686936647900872
14 -0.75520553680526
15 -0.770835089234907
16 -0.862938740953555
17 -0.979981881238277
18 -1.09714095243582
19 -1.22161404112096
2 -0.349349940261959
3 -0.322623344680364
4 -0.356546099346609
5 -0.3877941784575
6 -0.468780351449743
7 -0.48063572875366
8 -0.459647040892011
9 -0.448681891174515
10 -0.46887295899012
11 -0.472589863774912
12 -0.525280993162308
13 -0.609758099948743
14 -0.600456871643664
15 -0.603578355221732
16 -0.676937282268728
17 -0.788546793896351
18 -0.966555474701371
19 -1.12689024859223
2 -0.477902733378056
3 -0.630280799074556
4 -0.562378165037857
5 -0.449224515218366
6 -0.498788770501097
7 -0.44495174224633
8 -0.445652576752192
9 -0.470514076743319
10 -0.480713224177139
11 -0.520641449136471
12 -0.571226330382439
13 -0.545066542252309
14 -0.634970048149635
15 -0.632595330286911
16 -0.737856754344656
17 -0.819182255671782
18 -0.857763184190171
19 -1.17725632655484
2 -0.277631422498464
3 -0.40296572544281
4 -0.431727857652885
5 -0.542575339393357
6 -0.514400186740947
7 -0.553329412251612
8 -0.513475359508612
9 -0.605540390386775
10 -0.694108972486248
11 -0.772859300129005
12 -0.789493587556127
13 -0.730540340156698
14 -0.801730257870915
15 -0.948950338343477
16 -1.10720807864029
17 -0.994790579618356
18 -1.01255005753964
19 -1.41066841783939
2 -0.390269514585574
3 -0.529378734342501
4 -0.464727349934611
5 -0.52034485765137
6 -0.495346762552246
7 -0.441316765841111
8 -0.376966680521019
9 -0.36820390748134
10 -0.36287305458756
11 -0.391726888713196
12 -0.423294260063291
13 -0.413273332839054
14 -0.435686353094201
15 -0.490608309221242
16 -0.585132065998925
17 -0.695791990884857
18 -0.859411276335531
19 -1.13733164962875
2 -0.474610862919068
3 -0.601976386007444
4 -0.458526470934501
5 -0.526682545913971
6 -0.532605666263
7 -0.481249336916904
8 -0.513161053175965
9 -0.481003002226756
10 -0.541506174200533
11 -0.513558561453079
12 -0.560148377868306
13 -0.555213453820436
14 -0.634966644314826
15 -0.691402176484535
16 -0.797290304257915
17 -0.895944362285553
18 -0.93323048919655
19 -1.28001365913025
2 -0.392943857091845
3 -0.502635395784857
4 -0.544462027127602
5 -0.548408205162215
6 -0.633208614801173
7 -0.74295604580903
8 -0.70044528002056
9 -0.770421328882028
10 -0.7896913166441
11 -0.719811504151272
12 -0.772565227759165
13 -0.806712939883699
14 -0.960543321197338
15 -1.02786235501908
16 -1.00649058334633
17 -1.1741496634845
18 -1.29785855084927
19 -1.45882958164949
2 -0.434624312913935
3 -0.367259452802392
4 -0.349293251209752
5 -0.520498853252016
6 -0.617417947497699
7 -0.616916460047087
8 -0.584944611612342
9 -0.662086094117745
10 -0.698993757190967
11 -0.666697101990618
12 -0.637484107807909
13 -0.631486981359903
14 -0.684903676254978
15 -0.749867664614367
16 -0.83858757760368
17 -0.894714977215287
18 -1.00367095254091
19 -1.24575298692652
2 -0.416219341796629
3 -0.48402357778862
4 -0.547387728979437
5 -0.650841082367653
6 -0.586024276934565
7 -0.628948159962523
8 -0.803087833846133
9 -0.763774351582797
10 -0.743348281748519
11 -0.696303047739495
12 -0.777039245763839
13 -0.622978035974254
14 -0.684789275734655
15 -0.761735799172235
16 -0.843378513275826
17 -0.992830686352143
18 -1.04830847107737
19 -1.18789639654313
2 -0.257470591242105
3 -0.412652401863359
4 -0.431598650607935
5 -0.464459471223745
6 -0.42753062024657
7 -0.46747884425719
8 -0.406405899492136
9 -0.420459163139178
10 -0.459789810051828
11 -0.502964192924228
12 -0.550332982084601
13 -0.613492243364503
14 -0.686942672282615
15 -0.754986147015449
16 -0.855542832690103
17 -0.917468681421522
18 -1.20852196757133
19 -1.39772700154137
2 -0.383072652409618
3 -0.485600111511928
4 -0.500207718108488
5 -0.456317273814828
6 -0.436760230295964
7 -0.450719207045351
8 -0.413330352257084
9 -0.432661598880958
10 -0.458890532710488
11 -0.527050333212356
12 -0.569111804201739
13 -0.607908907837945
14 -0.673617735475277
15 -0.657669604598365
16 -0.746559639134228
17 -0.890118680802299
18 -1.25613100963654
19 -1.34138334655765
2 -0.394024051567985
3 -0.599695995704054
4 -0.534274058509175
5 -0.515036664281237
6 -0.49205512475177
7 -0.500695388654681
8 -0.561520841837294
9 -0.551219408949137
10 -0.567329365471692
11 -0.550103978148214
12 -0.731842072050677
13 -0.756124369381234
14 -0.756975913140103
15 -0.837201547885138
16 -0.803671112609524
17 -0.959213416451223
18 -1.14572092876074
19 -1.27479984143785
2 -0.356989052931272
3 -0.446504252573888
4 -0.512327209481698
5 -0.547148672645205
6 -0.515356297318954
7 -0.573628927961452
8 -0.508813710117311
9 -0.528386471844204
10 -0.538284449245719
11 -0.512948015965047
12 -0.537431680631162
13 -0.570330264408885
14 -0.627076715842639
15 -0.692689357799921
16 -0.764708936357436
17 -0.879516612136069
18 -1.11425094846073
19 -1.2244031290082
2 -0.490060276999343
3 -0.448042405587377
4 -0.474135369440385
5 -0.398920845802323
6 -0.365736436481736
7 -0.375869231248382
8 -0.386293550778363
9 -0.423867845875957
10 -0.477241393150728
11 -0.460799131018492
12 -0.492521003723332
13 -0.566550748963121
14 -0.614817666978398
15 -0.728830409575158
16 -0.789596597234179
17 -0.903521094361366
18 -1.07815551787827
19 -1.66081962941235
2 -0.386282614930128
3 -0.395933475849509
4 -0.471021666857155
5 -0.478693522724351
6 -0.45446384065791
7 -0.47434222341894
8 -0.483266225329501
9 -0.476159923163
10 -0.450696501139407
11 -0.547872035830372
12 -0.57473646775574
13 -0.615651034940798
14 -0.646216149679048
15 -0.746120440483225
16 -0.894574780451913
17 -0.928131986418102
18 -1.06830744271245
19 -1.21824739949793
2 -0.331082633148026
3 -0.508364993696803
4 -0.406372582935702
5 -0.430985507188642
6 -0.453772264520976
7 -0.494959730020609
8 -0.539844282529718
9 -0.631906906329671
10 -0.751357338422518
11 -0.760030359489931
12 -0.736186184258251
13 -0.794271298601639
14 -0.885650914233667
15 -0.869927256528494
16 -1.00311169478733
17 -1.07120420944332
18 -1.13894223712653
19 -1.35351766852876
2 -0.309613043584207
3 -0.433533368111349
4 -0.419004981540338
5 -0.42650652905771
6 -0.422906557956913
7 -0.440455899873667
8 -0.594763844999469
9 -0.571361764849745
10 -0.619381446881966
11 -0.615443990932209
12 -0.668384590492639
13 -0.597466217146642
14 -0.597221739120381
15 -0.600532753257721
16 -0.719173221823906
17 -0.830679715168958
18 -0.926716443794777
19 -1.11872730730031
2 -0.347508109955146
3 -0.496814797700789
4 -0.455032687068203
5 -0.447474620380123
6 -0.376357605801603
7 -0.374466566213439
8 -0.489149716840978
9 -0.51692591891016
10 -0.500430782996073
11 -0.558713028640791
12 -0.564194848428669
13 -0.571362919460689
14 -0.638539107378402
15 -0.704298780983323
16 -0.825965900249074
17 -1.01986706994632
18 -1.09513762282493
19 -1.25176158350719
2 -0.563175598082169
3 -0.55479640487866
4 -0.57399794975033
5 -0.573721811326955
6 -0.633654022148576
7 -0.550251820986277
8 -0.534227893602014
9 -0.579582385639197
10 -0.556365476020367
11 -0.588679934389942
12 -0.556305937075299
13 -0.572327022712292
14 -0.608709254952931
15 -0.689057486535433
16 -0.712052789261934
17 -0.798579338893248
18 -0.895171023083802
19 -1.11897819993479
2 -0.314155099549358
3 -0.339482410753036
4 -0.379440067305052
5 -0.397491569571968
6 -0.350758244296194
7 -0.357779029663922
8 -0.37196750154108
9 -0.419842267975903
10 -0.457236203658662
11 -0.539211328669318
12 -0.611210000704429
13 -0.744036648557303
14 -0.841726911456325
15 -0.856385957575255
16 -1.01569758224837
17 -0.968811747283812
18 -1.05466540819096
19 -1.2598283989867
2 -0.235050571287486
3 -0.498909123813725
4 -0.390143490293767
5 -0.367882097329758
6 -0.441712952830244
7 -0.44273778243405
8 -0.411286374828541
9 -0.437127192534734
10 -0.482288282297087
11 -0.455517991965869
12 -0.485573307984352
13 -0.511608284893587
14 -0.557842010645472
15 -0.60003949482063
16 -0.702767934914642
17 -0.704720783631063
18 -0.86198157604162
19 -1.07629565945526
2 -0.445678168610196
3 -0.470331850436981
4 -0.484441481877982
5 -0.516714703511305
6 -0.47448369063247
7 -0.45343221576306
8 -0.507633152935449
9 -0.56958312539379
10 -0.609400837025963
11 -0.6765671025635
12 -0.706848367036696
13 -0.728129373935136
14 -0.885186899280855
15 -0.842817982003544
16 -0.90119338931276
17 -1.02041774869076
18 -1.05626505665229
19 -1.60973863276633
2 -0.289285717751542
3 -0.481305336065037
4 -0.514882751317997
5 -0.482646922992788
6 -0.396499537920422
7 -0.376381945331907
8 -0.4157013346621
9 -0.56633138780912
10 -0.701283271530838
11 -0.663462458443589
12 -0.756843477195953
13 -0.781591741823098
14 -0.961804769256679
15 -0.914797391748725
16 -0.983878060350268
17 -1.15403987854478
18 -1.12070656328497
19 -1.20288778658663
2 -0.390056913981978
3 -0.46253313963258
4 -0.44312848406785
5 -0.488999428221787
6 -0.528451722818101
7 -0.586008471265271
8 -0.572099133128777
9 -0.508863132776523
10 -0.579302992074546
11 -0.688652289828572
12 -0.688504044922888
13 -0.714399117522106
14 -0.796540548408006
15 -0.778098666471307
16 -0.868323769932546
17 -1.01631029640666
18 -1.28480950773415
19 -1.51223681299606
2 -0.437246382727202
3 -0.460067645121071
4 -0.426714020612054
5 -0.441517777627504
6 -0.465066779313916
7 -0.499178730357498
8 -0.523177360271411
9 -0.517089318956953
10 -0.555467522954642
11 -0.535536616105725
12 -0.583312505744226
13 -0.615521649105242
14 -0.712914910446359
15 -0.846809721027408
16 -0.923633155444164
17 -0.87685081634796
18 -1.05043039163734
19 -1.23578773561623
2 -0.416499905443016
3 -0.451183837930559
4 -0.467328714843822
5 -0.486741931224227
6 -0.418197243364452
7 -0.4389353906845
8 -0.504765673267633
9 -0.496366167840406
10 -0.423042770619998
11 -0.461584179024196
12 -0.521675055087169
13 -0.589274004090264
14 -0.62008668526956
15 -0.691944450679058
16 -0.723064630311086
17 -0.794595785635183
18 -0.955300498008542
19 -1.1419835314176
2 -0.279907101619238
3 -0.460799659990107
4 -0.392522232310911
5 -0.366702608553229
6 -0.393505497212991
7 -0.391372453314374
8 -0.382654799894558
9 -0.329810105821581
10 -0.372022770090232
11 -0.405749285919973
12 -0.464542430801395
13 -0.502112128110499
14 -0.573288425822306
15 -0.582542099137505
16 -0.685614916092427
17 -0.763756380349818
18 -0.957912513673594
19 -1.21667310140842
2 -0.539986164821139
3 -0.566489771957143
4 -0.540564137563639
5 -0.551373727208673
6 -0.551672967324525
7 -0.583028826668402
8 -0.552277840719885
9 -0.534734551205675
10 -0.579279360903315
11 -0.518468242245244
12 -0.580974071183336
13 -0.572091951338476
14 -0.597232978521335
15 -0.610104579040216
16 -0.623968980142035
17 -0.680027811159083
18 -0.83573175070489
19 -1.10536885841022
2 -0.420176804678193
3 -0.43764219481822
4 -0.350606014541404
5 -0.366327224987759
6 -0.315931331375234
7 -0.301292002524451
8 -0.355596348289305
9 -0.336681822293359
10 -0.32195111793006
11 -0.367303304570177
12 -0.336885959395315
13 -0.376566684821915
14 -0.411028560241315
15 -0.447479182404802
16 -0.529534245936296
17 -0.663195309786427
18 -0.834224596140856
19 -1.09311114970456
2 -0.394502900769127
3 -0.46110199065211
4 -0.481357086339096
5 -0.534870869774003
6 -0.523553945337841
7 -0.513683642636359
8 -0.48198810537241
9 -0.491150106956199
10 -0.547576492868933
11 -0.597205572594479
12 -0.648532205519356
13 -0.670557890587999
14 -0.750894233583113
15 -0.815051058928862
16 -1.0161924684741
17 -1.26345566926143
18 -1.2889175014753
19 -1.77635332479258
2 -0.498899949355405
3 -0.627632191785979
4 -0.564476640530551
5 -0.512690026199313
6 -0.508950987412974
7 -0.490145436968715
8 -0.489024613038387
9 -0.65906886998446
10 -0.748360194150253
11 -0.785804828219513
12 -0.789641658284311
13 -0.801772765761675
14 -0.77787136670355
15 -0.872287407365267
16 -0.961472837522236
17 -0.906620813222358
18 -1.1244927366972
19 -1.36982025289124
2 -0.364692752266367
3 -0.473796581626025
4 -0.604632832688374
5 -0.626822262972738
6 -0.637906497620034
7 -0.625884268775616
8 -0.670087553511526
9 -0.699742844958654
10 -0.606780269638715
11 -0.57425615449986
12 -0.654100559116197
13 -0.691964033085507
14 -0.70416720889997
15 -0.800241456769565
16 -0.848526574594109
17 -1.01373343639868
18 -0.975229852700611
19 -1.40016067571797
2 -0.438899021239432
3 -0.543794334293671
4 -0.496578903943206
5 -0.545343750858878
6 -0.45089446666691
7 -0.439742791785187
8 -0.429352500162379
9 -0.446578053634694
10 -0.47756978925072
11 -0.491543287958193
12 -0.532576044999675
13 -0.608931469301091
14 -0.634865542610407
15 -0.656573624183754
16 -0.696776638841178
17 -0.77043526451639
18 -0.921387235760326
19 -1.17776487530765
2 -0.315273847834289
3 -0.413874321035139
4 -0.445071850037571
5 -0.54449526228807
6 -0.597652258599644
7 -0.591487000157035
8 -0.620649246163232
9 -0.613381644232752
10 -0.64792119337129
11 -0.612179053073224
12 -0.599855918931602
13 -0.658580126556233
14 -0.763699063124081
15 -0.765212205643825
16 -0.804739575745621
17 -1.10142337937204
18 -1.4382244519959
19 -1.7615355481844
2 -0.273100372108065
3 -0.356752595061659
4 -0.439037510717621
5 -0.439190700951723
6 -0.553492429934262
7 -0.604413995784978
8 -0.60133741745244
9 -0.57201489707903
10 -0.587082908631944
11 -0.652151772598334
12 -0.654423627774445
13 -0.715674653874839
14 -0.823480876097293
15 -0.946794907371988
16 -0.940952172438772
17 -1.09548214605936
18 -1.27136970681853
19 -1.52114922476359
2 -0.304605386383039
3 -0.537028927606965
4 -0.513825772856644
5 -0.467553334905779
6 -0.51498798189019
7 -0.440646894160875
8 -0.41350664314536
9 -0.420937181141189
10 -0.494763296157431
11 -0.523334698913323
12 -0.588400343189188
13 -0.643744497643938
14 -0.705161817361272
15 -0.799250723580853
16 -0.828366498549612
17 -0.930770934350798
18 -1.03967788255561
19 -1.35078384416756
2 -0.412085870776385
3 -0.465278221035748
4 -0.397198043207064
5 -0.368634606364802
6 -0.389146194083368
7 -0.39669267397114
8 -0.431086306226537
9 -0.455724667941308
10 -0.574477736821214
11 -0.568021854333696
12 -0.591292435216633
13 -0.589619645224356
14 -0.638186193078709
15 -0.626275839572855
16 -0.720624291071518
17 -0.841951700599484
18 -0.864218263497697
19 -1.2238441665696
2 -0.476951363703645
3 -0.605702207169843
4 -0.644182879185252
5 -0.587870037614986
6 -0.452401757712727
7 -0.440663856757099
8 -0.455865083478974
9 -0.489828637144316
10 -0.589834610675549
11 -0.667846805114045
12 -0.638935889004507
13 -0.709038131188871
14 -0.673707740387996
15 -0.772122703058805
16 -0.836632069310742
17 -0.917971532571208
18 -1.00812395459485
19 -1.34137675303219
2 -0.518323716325898
3 -0.495836750530547
4 -0.411279714097953
5 -0.553041872983817
6 -0.530099236961326
7 -0.444199561181683
8 -0.443095465817534
9 -0.432474767734906
10 -0.475350771013822
11 -0.520245553020419
12 -0.504214297997265
13 -0.475025645364403
14 -0.560701108211916
15 -0.640961568630835
16 -0.701021574609896
17 -0.741979142730315
18 -0.980967198150851
19 -1.49384078342829
2 -0.382329141187961
3 -0.529777295447568
4 -0.404956077279745
5 -0.358930692935903
6 -0.368863510063471
7 -0.425421660902713
8 -0.466850202861958
9 -0.531729607272293
10 -0.589346938109944
11 -0.570459571449044
12 -0.609300224298667
13 -0.683031488257336
14 -0.690581887519579
15 -0.744991002039505
16 -0.841745800172595
17 -1.06236102954522
18 -1.31984670373266
19 -1.65764128761664
2 -0.393527774388865
3 -0.609278750865204
4 -0.468435821299254
5 -0.449505125704064
6 -0.369987909023159
7 -0.400060303485527
8 -0.446249482039114
9 -0.434147352050216
10 -0.470974602207095
11 -0.514004985475933
12 -0.57370708007824
13 -0.627157297421294
14 -0.662331288212686
15 -0.696837673969595
16 -0.759956892001727
17 -0.8471302878317
18 -0.976902852506094
19 -1.11592601589621
2 -0.389859243578771
3 -0.454572733056052
4 -0.50169344388615
5 -0.539827870305746
6 -0.593283390901717
7 -0.620208331891652
8 -0.703316430333056
9 -0.709030140608873
10 -0.633289567512662
11 -0.592216122814742
12 -0.678308541438837
13 -0.6830197336993
14 -0.733199405797333
15 -0.76995677576218
16 -0.820060114660381
17 -0.82980765788847
18 -0.997760718395005
19 -1.23186442302132
2 -0.409415915338707
3 -0.423749077578843
4 -0.462346058656181
5 -0.536097646224374
6 -0.451759157758094
7 -0.480595343164541
8 -0.537896166237381
9 -0.556439861650114
10 -0.626602187899845
11 -0.712874802121255
12 -0.680226852693583
13 -0.705099208395971
14 -0.840461266987889
15 -0.920901727979626
16 -0.988455544693253
17 -0.907952769550838
18 -0.970505546292524
19 -1.22745940863928
2 -0.348145700582315
3 -0.2828268461648
4 -0.465058409804884
5 -0.531874730938408
6 -0.498899603366973
7 -0.534494327511992
8 -0.575984197446684
9 -0.645491798164897
10 -0.650905040864711
11 -0.63680686163554
12 -0.712965437941681
13 -0.839025747429899
14 -0.919410953184967
15 -0.890382631719508
16 -0.851293980337955
17 -1.10786212578496
18 -1.39111418823118
19 -1.99235072618771
2 -0.366967700954776
3 -0.443759474093031
4 -0.305610173597921
5 -0.352542495420661
6 -0.386053244183163
7 -0.431154108397746
8 -0.53641701465905
9 -0.554239635385099
10 -0.601052319989811
11 -0.621725915323982
12 -0.64579955064295
13 -0.762180692150445
14 -0.825770180828768
15 -0.9576425707235
16 -1.038615791289
17 -1.12404198345854
18 -1.8164890734165
19 -1.74252388108197
2 -0.641073637198297
3 -0.582785539311852
4 -0.531129621542684
5 -0.470442663896766
6 -0.456237968909367
7 -0.434559543227527
8 -0.479222572240601
9 -0.529582402377586
10 -0.585424927613192
11 -0.637987917964714
12 -0.73346209914942
13 -0.704045510423544
14 -0.732407650601329
15 -0.812321351410308
16 -0.892006952021056
17 -0.847907103006115
18 -0.960243588926752
19 -1.10036408865199
2 -0.440059056974812
3 -0.611709109587998
4 -0.604796293746411
5 -0.645395331529901
6 -0.671079798435914
7 -0.594329614660103
8 -0.583046866537691
9 -0.576750708814445
10 -0.575203751090752
11 -0.649003702299359
12 -0.688126201340075
13 -0.762370194984969
14 -0.79743176779309
15 -0.908410879652159
16 -0.926826888404075
17 -0.995123201325398
18 -1.05517011686772
19 -1.24743692893952
2 -0.494631742318208
3 -0.479619723588216
4 -0.575673728626255
5 -0.53734850709249
6 -0.529892385691521
7 -0.49530764746742
8 -0.455756942660737
9 -0.49345128253858
10 -0.528319818531887
11 -0.596066217754814
12 -0.689431544460481
13 -0.669518493808946
14 -0.654893490247718
15 -0.738637795631861
16 -0.750122694970324
17 -0.863317150678076
18 -1.0363225839374
19 -1.46246899375566
2 -0.420084711796298
3 -0.522675896802952
4 -0.538861647308671
5 -0.444165626570278
6 -0.429479136419878
7 -0.442796051345892
8 -0.501778325829328
9 -0.481047357726112
10 -0.549418411324262
11 -0.605694502455659
12 -0.621927426794694
13 -0.650688763602897
14 -0.759067277062988
15 -0.758345284400632
16 -0.834144974908311
17 -0.945251785659648
18 -1.09844194325691
19 -1.2657001817711
2 -0.275207730437519
3 -0.330308115904698
4 -0.482094553875716
5 -0.471248010025235
6 -0.529838008269764
7 -0.510379249818607
8 -0.505712611607315
9 -0.517939482589523
10 -0.554595114134737
11 -0.57674704400598
12 -0.62195455450303
13 -0.628115633803262
14 -0.672010689466393
15 -0.655896281730775
16 -0.700409713778203
17 -0.771986444397203
18 -0.926694472498818
19 -1.09818932471139
2 -0.364041298380028
3 -0.551420250372904
4 -0.711895134425148
5 -0.599249239541715
6 -0.586165248378485
7 -0.482637433264929
8 -0.450117107524879
9 -0.504576415016677
10 -0.486625152455241
11 -0.539350123589402
12 -0.572015624069059
13 -0.545160841379285
14 -0.561650266559352
15 -0.632527927970692
16 -0.691985104977683
17 -0.698692069865429
18 -0.796716490292587
19 -1.07408264539935
2 -0.337826922733385
3 -0.405885895596466
4 -0.682215266649989
5 -0.501069267975352
6 -0.503949909215721
7 -0.526156420215921
8 -0.511050658313286
9 -0.50022211804504
10 -0.479289865446117
11 -0.439407515800012
12 -0.483881607423775
13 -0.548523174272677
14 -0.623556627313998
15 -0.656949064606447
16 -0.674673111681851
17 -0.765790884320709
18 -0.964476118320351
19 -1.05721883114173
2 -0.477861267661878
3 -0.603009926161703
4 -0.585646168733257
5 -0.430564063037001
6 -0.44721857361246
7 -0.428999998788131
8 -0.428762971327182
9 -0.461348766911851
10 -0.459864482029972
11 -0.454664940268756
12 -0.481145436118273
13 -0.501291989366602
14 -0.566607869418824
15 -0.662727122154558
16 -0.75470771348789
17 -0.943023125254981
18 -1.07939724558092
19 -1.21300464996656
2 -0.290788782547185
3 -0.538051513524895
4 -0.48415081196378
5 -0.64243559724935
6 -0.681288012352116
7 -0.699768492381392
8 -0.655323066391898
9 -0.600778259705055
10 -0.548202487264748
11 -0.581657866902016
12 -0.619708424549216
13 -0.699403823358561
14 -0.713907619970548
15 -0.744670674825406
16 -0.794322828099817
17 -0.801228429298931
18 -0.900713015926484
19 -1.15102433962015
2 -0.3713985441291
3 -0.501496467052591
4 -0.562195801578623
5 -0.599135345729775
6 -0.672376056624723
7 -0.582415978626021
8 -0.611232039370136
9 -0.637966914029402
10 -0.637044167553737
11 -0.722242897044449
12 -0.670156566418314
13 -0.662800507339093
14 -0.619544674829827
15 -0.66380492858348
16 -0.734673270069843
17 -0.869067195533558
18 -1.06647823376454
19 -1.30676625033452
2 -0.382506711448974
3 -0.410479078170044
4 -0.460857303970374
5 -0.465109004135512
6 -0.494990905844942
7 -0.595427533132272
8 -0.547903343625384
9 -0.585220098951476
10 -0.587385054165219
11 -0.540831936162157
12 -0.592923330294261
13 -0.603124719532666
14 -0.675043532418645
15 -0.724493971640177
16 -0.790331179790722
17 -0.891494445876367
18 -1.08331837045396
19 -1.33614283925954
2 -0.335669019041416
3 -0.390620048217562
4 -0.463805797374882
5 -0.496400482183478
6 -0.51759214746247
7 -0.480249367663575
8 -0.521835957849091
9 -0.546071086587418
10 -0.615492830537626
11 -0.633237724455319
12 -0.683871569378026
13 -0.662175534476994
14 -0.628169289431846
15 -0.623410530139151
16 -0.661547870458217
17 -0.772419350429258
18 -0.902286238458245
19 -1.13795847904458
2 -0.404056683731459
3 -0.651126354991449
4 -0.552114819490088
5 -0.601936034930716
6 -0.603966923302219
7 -0.694729881985718
8 -0.691679261861122
9 -0.669600314028855
10 -0.615388193341839
11 -0.69503027131034
12 -0.670323706362572
13 -0.715153710293799
14 -0.685202523940008
15 -0.735300949847092
16 -0.762206386131697
17 -0.783961478107955
18 -0.915725397861443
19 -1.20813779895932
2 -0.508766873992745
3 -0.509853178360561
4 -0.50494824860499
5 -0.449181686406817
6 -0.529654336708212
7 -0.591759469078269
8 -0.64610301646385
9 -0.633430557340407
10 -0.625841771941757
11 -0.656827559898438
12 -0.646068814590205
13 -0.715670702691321
14 -0.798961036786638
15 -0.827725975484739
16 -0.938776729507237
17 -0.975589266707884
18 -1.01722930120216
19 -1.21388287670836
2 -0.28347440777112
3 -0.416283475886387
4 -0.458995217108714
5 -0.40681866492159
6 -0.427625904936023
7 -0.528102447826988
8 -0.524853476898115
9 -0.552768097319821
10 -0.560693190989429
11 -0.653788218411029
12 -0.687540510477797
13 -0.678315981108662
14 -0.617778373527364
15 -0.639679860080068
16 -0.726077323165102
17 -0.883247710859575
18 -1.13222546867835
19 -1.36268659378718
2 -0.396039698271701
3 -0.567414090190376
4 -0.651147976805837
5 -0.661603775336597
6 -0.730551878935979
7 -0.635600533853269
8 -0.679046882554698
9 -0.633638187024582
10 -0.734529219214227
11 -0.785036394879283
12 -0.814863192395261
13 -0.783981274728209
14 -0.774920896411967
15 -0.759112548070154
16 -0.84092479108209
17 -0.949727515867751
18 -1.03052482786949
19 -1.24622580069617
2 -0.318720232079954
3 -0.473478633719195
4 -0.371817063419845
5 -0.565118664514492
6 -0.566645286810022
7 -0.560348863492959
8 -0.527864132505436
9 -0.551758695436443
10 -0.587857361902095
11 -0.676817294130371
12 -0.667965597371085
13 -0.672375173787916
14 -0.690784966649055
15 -0.671407874043807
16 -0.699838053857696
17 -0.761694848549857
18 -0.852086863994405
19 -1.14481365451569
2 -0.269658951209876
3 -0.357838783944833
4 -0.403891193833703
5 -0.476740662775704
6 -0.437102513853407
7 -0.452009828295819
8 -0.487979788444631
9 -0.531407843572048
10 -0.688879465271539
11 -0.78329555956647
12 -0.776164957662715
13 -0.85810213324744
14 -0.936234492662011
15 -1.03140099107704
16 -0.950455006187672
17 -0.954106006655583
18 -1.09166760283089
19 -1.16446553892022
2 -0.500085968882971
3 -0.607986660788804
4 -0.560646786808094
5 -0.538298668043548
6 -0.597584735890365
7 -0.612078629770779
8 -0.543032543623541
9 -0.578795471671145
10 -0.581569315726352
11 -0.616851150100338
12 -0.591376001820013
13 -0.632359299335649
14 -0.641551982489857
15 -0.680711343074793
16 -0.743661923411066
17 -0.777373163762162
18 -0.919404908883638
19 -1.04721821041785
2 -0.28018322822659
3 -0.411882975117677
4 -0.471692780894756
5 -0.348229261711776
6 -0.332414300073176
7 -0.345284410853531
8 -0.323387987108176
9 -0.358108018565487
10 -0.355853764252158
11 -0.394474850449184
12 -0.428396647334749
13 -0.456874837699939
14 -0.524765241750828
15 -0.605468561917655
16 -0.687329448443304
17 -0.788605673642826
18 -0.876466974543368
19 -1.10209196771071
2 -0.358223903716196
3 -0.497469783952317
4 -0.470429211046344
5 -0.482947683623904
6 -0.431082573662992
7 -0.437398620543816
8 -0.448396029455339
9 -0.466224251884948
10 -0.510432657965572
11 -0.555786111287347
12 -0.626944181291634
13 -0.616585036939532
14 -0.619360404072035
15 -0.633277988040954
16 -0.674995331146145
17 -0.77655826647245
18 -0.941146202145623
19 -1.26267530698011
2 -0.311760992608037
3 -0.615360100184404
4 -0.607526699513646
5 -0.567697450436122
6 -0.511404911917094
7 -0.519348334131534
8 -0.57955669825172
9 -0.571988513872692
10 -0.683767456027202
11 -0.70300904852647
12 -0.658743690474307
13 -0.690644422443255
14 -0.812301251310298
15 -0.744297368648925
16 -0.765404061853144
17 -0.802939555175635
18 -0.888382045748301
19 -1.08750322209923
2 -0.38910989928929
3 -0.476984184556548
4 -0.566296862920968
5 -0.549117090850685
6 -0.572736327592992
7 -0.611394387524724
8 -0.589438044576494
9 -0.599850600148834
10 -0.580093234379174
11 -0.603777884016367
12 -0.627658098265557
13 -0.720554047078994
14 -0.71654268745782
15 -0.811528110664292
16 -0.864167095375433
17 -0.979401129977815
18 -1.06917969604504
19 -1.31006997450997
2 -0.373488453456944
3 -0.560017366216255
4 -0.461969648729273
5 -0.452843481921951
6 -0.453078580788474
7 -0.449143076166535
8 -0.482992793946985
9 -0.555292549544072
10 -0.544986805913347
11 -0.65555689754386
12 -0.707080216278747
13 -0.821549413050317
14 -0.878754298489285
15 -1.0496687266452
16 -1.18528887306332
17 -1.24094041807881
18 -1.13275332545835
19 -1.29573294428859
2 -0.439884919569794
3 -0.592701417776187
4 -0.569002584214984
5 -0.525887106143076
6 -0.580811233977625
7 -0.618907790654583
8 -0.596381455961313
9 -0.583033886858129
10 -0.569985251126604
11 -0.734198759466562
12 -0.839654934075458
13 -0.805005484607892
14 -0.876821677359938
15 -0.900956064226019
16 -0.974457720057245
17 -0.863590365647116
18 -1.04735868744027
19 -1.28615498041185
2 -0.495094847394725
3 -0.469539104283997
4 -0.519657808515865
5 -0.623649293577897
6 -0.648632446890707
7 -0.635844273535505
8 -0.456718641386369
9 -0.424207081603448
10 -0.446921621536504
11 -0.415905436082544
12 -0.453751613792502
13 -0.513135794458374
14 -0.577065478002408
15 -0.616004038563073
16 -0.720954633537982
17 -0.809173773005472
18 -0.951922930613067
19 -1.10741983597578
2 -0.422060800453219
3 -0.595961311253095
4 -0.731457185986815
5 -0.688404636756487
6 -0.603251753121735
7 -0.564342521016397
8 -0.626007346279106
9 -0.612409438553896
10 -0.616030117726171
11 -0.651620167955889
12 -0.642430986874568
13 -0.766280100681335
14 -0.821307097285411
15 -0.860168130208182
16 -0.861298034852562
17 -0.996554454269349
18 -1.07392881987433
19 -1.24251483486478
2 -0.322841774453016
3 -0.462964186701643
4 -0.407722929239843
5 -0.444180265856657
6 -0.424629820076297
7 -0.326932547267577
8 -0.337171199739581
9 -0.379280916145771
10 -0.391261782768476
11 -0.438050091338633
12 -0.461453049337389
13 -0.530540733025635
14 -0.608948890494894
15 -0.678705798125754
16 -0.717710075285558
17 -0.840650153484534
18 -1.03864425200952
19 -1.58864620338012
2 -0.258942258112432
3 -0.340116841671429
4 -0.34541642629929
5 -0.441247733166959
6 -0.455359762035584
7 -0.473091620884214
8 -0.462844810287016
9 -0.4815941877946
10 -0.551030017628185
11 -0.577680834213948
12 -0.552977747832493
13 -0.595796574130804
14 -0.639875576866563
15 -0.747305858260186
16 -0.773306376244959
17 -0.850108401617121
18 -0.98190062832544
19 -1.21723414613477
2 -0.408798217540342
3 -0.536413633294921
4 -0.520519861707593
5 -0.417577561730429
6 -0.343803145726027
7 -0.308271410238184
8 -0.387597530803813
9 -0.368278931300481
10 -0.363873573534123
11 -0.351946846382165
12 -0.403796965616887
13 -0.42599129391774
14 -0.468413563378865
15 -0.50537706993733
16 -0.594589257000707
17 -0.713808676143497
18 -0.776118038204957
19 -1.05362313267326
2 -0.373215673495869
3 -0.417267447216825
4 -0.521122726780102
5 -0.530005635391462
6 -0.47965220352943
7 -0.455437360749118
8 -0.563308274397023
9 -0.569737179216915
10 -0.652387387636702
11 -0.662358141258054
12 -0.681508270990917
13 -0.723238101587108
14 -0.788809788659797
15 -0.835735622557423
16 -0.969974386619666
17 -0.98264731562013
18 -1.18530566475022
19 -1.51257143720841
2 -0.34977952400896
3 -0.475790593264184
4 -0.47828577234795
5 -0.517039583017626
6 -0.444969211339062
7 -0.492166511539893
8 -0.539888129602033
9 -0.525054163364447
10 -0.581732386866732
11 -0.544669340637951
12 -0.598724967585066
13 -0.609585099508774
14 -0.633958140051207
15 -0.688653195129573
16 -0.771746648391328
17 -0.896112251556951
18 -1.22548139207256
19 -1.61943316289857
2 -0.386504520859001
3 -0.463351569576346
4 -0.45312299412868
5 -0.418403362056579
6 -0.424509930669504
7 -0.430273869174964
8 -0.597049214638619
9 -0.543105305169381
10 -0.517699997885105
11 -0.491504847051322
12 -0.520282158438049
13 -0.576989815097207
14 -0.644566376629494
15 -0.721579168786185
16 -0.840968512668281
17 -0.837413006615305
18 -0.983915339969702
19 -1.37324023570204
2 -0.242881729067165
3 -0.395210076801296
4 -0.482370953586429
5 -0.565087772570864
6 -0.505203495033468
7 -0.51465792458178
8 -0.46840212478102
9 -0.495966050079623
10 -0.529540324759857
11 -0.542376079166139
12 -0.572474141749382
13 -0.541689126478717
14 -0.614848577917709
15 -0.656597962526791
16 -0.710808916334788
17 -0.923214318558277
18 -1.02988730836715
19 -1.20233797025492
2 -0.343860371828927
3 -0.421978982415548
4 -0.372993619785668
5 -0.391445321504743
6 -0.346948055954
7 -0.303770169400821
8 -0.343263930346841
9 -0.403143968126153
10 -0.461259220097868
11 -0.428103179965692
12 -0.393939499779109
13 -0.536899070889563
14 -0.629515464015146
15 -0.711633270974821
16 -0.69767246225969
17 -0.862545461739978
18 -0.901752638356796
19 -1.10389208704239
2 -0.271487537336284
3 -0.383863663884552
4 -0.38283058612333
5 -0.477798682754394
6 -0.471194707973874
7 -0.483373825818676
8 -0.53095173039439
9 -0.484596497984238
10 -0.492597149064447
11 -0.531263703604369
12 -0.482051927944295
13 -0.501510439863607
14 -0.594942602669857
15 -0.663886340403276
16 -0.720106941534832
17 -0.893230479825398
18 -0.993047919668961
19 -1.47673116333607
2 -0.265581984195864
3 -0.405358420013608
4 -0.331966421159491
5 -0.384454661935516
6 -0.389150478767529
7 -0.442040851018904
8 -0.443318022064673
9 -0.478536113099687
10 -0.522749452131697
11 -0.497782280478509
12 -0.53816860009508
13 -0.59634496822132
14 -0.612764302229696
15 -0.724278165595099
16 -0.839098300465618
17 -0.996578809052293
18 -1.10149759974037
19 -1.25774764312246
2 -0.400733024807861
3 -0.380031907988683
4 -0.40331788875253
5 -0.42622514513613
6 -0.481926805982711
7 -0.511220729439741
8 -0.522466084608209
9 -0.544618630597222
10 -0.567006294602305
11 -0.568162518886527
12 -0.565939706418385
13 -0.550852818493557
14 -0.515380358517675
15 -0.561902119743624
16 -0.621643671994915
17 -0.72822276434349
18 -0.881885457444928
19 -1.13410641107743
2 -0.429996322508924
3 -0.459954859618283
4 -0.456339724422011
5 -0.490959546086583
6 -0.466892004607307
7 -0.499267307418806
8 -0.490428186635437
9 -0.484264166913136
10 -0.439106047496674
11 -0.441840041551827
12 -0.436381193229926
13 -0.495958755084943
14 -0.517002579712615
15 -0.530703776669722
16 -0.633445747820135
17 -0.731485683690456
18 -0.879633176362338
19 -1.14365848560961
2 -0.430622670219651
3 -0.51661867167455
4 -0.579051105556793
5 -0.579970482654418
6 -0.507237202677403
7 -0.519638550800563
8 -0.547229205699694
9 -0.516577027865852
10 -0.569264559383897
11 -0.621439396347546
12 -0.809456105332576
13 -0.815742841716679
14 -0.774399681935572
15 -0.816813362098484
16 -0.859909455920158
17 -0.891141303827174
18 -1.02598551732865
19 -1.17757103850805
2 -0.329210618858074
3 -0.458585754111116
4 -0.553879554377029
5 -0.635829138092922
6 -0.602525898745154
7 -0.595610552513031
8 -0.532492524175367
9 -0.601704902333432
10 -0.659214773658228
11 -0.670128732375948
12 -0.681621227056232
13 -0.828854408009686
14 -0.73915549254493
15 -0.795302225865243
16 -0.857982815503919
17 -1.01465925747747
18 -1.07513108187551
19 -1.22528405235828
