1 0.155241857579961
2 -0.035064390778898
3 -0.103361483124525
4 -0.194210405871782
5 -0.30579801354874
6 -0.391066727436245
7 -0.459494953428169
8 -0.542965704344856
9 -0.627618151897639
10 -0.6969572044096
11 -0.763662105292324
12 -0.833538985094536
13 -0.899143190182978
14 -1.00797899977404
15 -1.14093173664182
16 -1.2792427038901
17 -1.44339119010934
18 -1.7098756197625
19 -2.03972477548738
1 0.0783411617086244
2 -0.0172408859805319
3 -0.0892754745523649
4 -0.173501180322932
5 -0.241036357908912
6 -0.351239367099439
7 -0.394714824583539
8 -0.44289884401228
9 -0.516555702465233
10 -0.593075494416041
11 -0.681625914631121
12 -0.738679150625461
13 -0.828071378073119
14 -0.923514590122138
15 -1.03492067284817
16 -1.1429934416094
17 -1.26986857675908
18 -1.42838227019312
19 -1.84880285032443
1 0.170086270872819
2 0.0360004864554335
3 -0.0803394672716283
4 -0.193822766442953
5 -0.266801106090917
6 -0.330579273516414
7 -0.393272292505366
8 -0.472884801895681
9 -0.524300899813225
10 -0.582701235709359
11 -0.640385293246376
12 -0.700684756092344
13 -0.786264657561536
14 -0.860290936427765
15 -0.991523619357175
16 -1.15785170388948
17 -1.32668361053045
18 -1.53951755987783
19 -1.9705895853434
1 0.121163359452343
2 -0.0186076879585789
3 -0.0960640413163055
4 -0.205977239657338
5 -0.260300191401368
6 -0.324494814524495
7 -0.391327078993867
8 -0.448260713398165
9 -0.569444175970859
10 -0.659819459857141
11 -0.736717878105725
12 -0.825018631127853
13 -0.908265603135014
14 -0.999116176772992
15 -1.1488765032073
16 -1.29338724327015
17 -1.62573241425255
18 -1.93691205872082
19 -2.57642118185887
1 0.17167579896676
2 -0.0155765585621104
3 -0.0637114296480968
4 -0.129282805929576
5 -0.21195931290007
6 -0.280053469470071
7 -0.326912554484671
8 -0.382177783749605
9 -0.435054637031538
10 -0.5586198564512
11 -0.637760751146361
12 -0.711723243455804
13 -0.795712735419343
14 -0.89847912328196
15 -1.00199455865642
16 -1.17175377953967
17 -1.35747255694612
18 -1.59323310766814
19 -1.98825430753693
1 0.119394229316331
2 -0.0421337095915114
3 -0.142113859236966
4 -0.239797660646636
5 -0.330928504097649
6 -0.37546709802386
7 -0.444529043331015
8 -0.48258139430256
9 -0.555762982423408
10 -0.6091481308196
11 -0.668869962850691
12 -0.74282761443165
13 -0.85879311329592
14 -0.951846320022852
15 -1.10003259263366
16 -1.22953530797543
17 -1.39163765528055
18 -1.6198755257836
19 -2.08854095425402
1 0.174613485373359
2 -0.0530018066122423
3 -0.112554469468645
4 -0.183120404267226
5 -0.236545731993215
6 -0.307570442256433
7 -0.36186411557568
8 -0.431383106203832
9 -0.503994512551672
10 -0.546668901283489
11 -0.642359812576101
12 -0.712872058349017
13 -0.829481675979257
14 -0.925981478523554
15 -1.01863481788817
16 -1.17352900807092
17 -1.33878008808709
18 -1.58446554915787
19 -2.14942084187341
1 0.209365919654647
2 0.0541207594560101
3 -0.100738085546774
4 -0.202634067420784
5 -0.272897019662784
6 -0.312452977105535
7 -0.388892199921299
8 -0.466085426747408
9 -0.528102013631074
10 -0.615681052183432
11 -0.693561472597729
12 -0.771704561003028
13 -0.882904252704111
14 -1.03692675417212
15 -1.17318886173033
16 -1.30658890874211
17 -1.48060473732726
18 -1.83846495853312
19 -2.19139660931695
1 0.133933941424308
2 0.00364822927397887
3 -0.0826654943697333
4 -0.190773414316969
5 -0.27269326120925
6 -0.358527650135358
7 -0.431245876460776
8 -0.505061254987838
9 -0.586606784635445
10 -0.636869443307942
11 -0.695342130478968
12 -0.778096169544984
13 -0.886555950296851
14 -0.988949510808364
15 -1.12571073962718
16 -1.26914201250984
17 -1.42310447384609
18 -1.64459454422609
19 -2.10674452680752
1 0.195711897568188
2 0.0482288857286793
3 -0.0270289352766297
4 -0.114582158712719
5 -0.205403112873471
6 -0.275482520345294
7 -0.378239796424723
8 -0.442522842766179
9 -0.509012814070349
10 -0.562387656468972
11 -0.62033861736061
12 -0.68207422248941
13 -0.805017359151169
14 -0.899727445370806
15 -1.00327640199973
16 -1.12968142202537
17 -1.2998449180622
18 -1.49849607364515
19 -1.90064423281032
1 0.22176127662344
2 0.0259710637548584
3 -0.0439399028897737
4 -0.223406823793191
5 -0.305242695008593
6 -0.400158462009548
7 -0.450275191623656
8 -0.542413841315
9 -0.620659288606887
10 -0.685130821294169
11 -0.770499361245543
12 -0.848342141142386
13 -0.947655382004215
14 -1.07154574896855
15 -1.25121542665089
16 -1.43008012793681
17 -1.62604533081874
18 -1.94337553467524
19 -2.37551350860015
1 0.195777742355886
2 -0.0136444444761256
3 -0.0752488188806443
4 -0.153894117424154
5 -0.233457771587456
6 -0.295698679328325
7 -0.369235734502249
8 -0.411863198861513
9 -0.45706260292723
10 -0.529893300101614
11 -0.581684188479591
12 -0.664704932778234
13 -0.790007721903285
14 -0.918619730588929
15 -1.06481632791312
16 -1.18093103394797
17 -1.39134828302363
18 -1.72556297251493
19 -2.52200960336349
1 0.198783342378778
2 0.0157440433791717
3 -0.0532553585564187
4 -0.146127046564073
5 -0.233143643451685
6 -0.267232318302934
7 -0.369719643409271
8 -0.440614194380617
9 -0.486283462692867
10 -0.551096454622033
11 -0.605379783912386
12 -0.725316825112682
13 -0.800936146840878
14 -0.887399617140084
15 -0.992784070324008
16 -1.12157939310313
17 -1.27480197287362
18 -1.5141147263649
19 -1.8637394277693
1 0.190423122694942
2 0.00505740690731287
3 -0.0899238441311762
4 -0.168658549161719
5 -0.248131618892926
6 -0.325748616515672
7 -0.409998168032136
8 -0.492881078752635
9 -0.556158294806831
10 -0.62145203342496
11 -0.699703140275021
12 -0.771260944653851
13 -0.853053613565702
14 -0.997941997610685
15 -1.11909631739294
16 -1.25429202321571
17 -1.42810906755588
18 -1.65171612888517
19 -2.02930421289012
1 0.172357964461329
2 0.0348440334992898
3 -0.0780226435309591
4 -0.153115362279606
5 -0.208178241858694
6 -0.251984430628413
7 -0.31630761670276
8 -0.367469644808097
9 -0.413873542875152
10 -0.471502196696638
11 -0.545609935056709
12 -0.620127755983513
13 -0.721849187101413
14 -0.793090048638815
15 -0.908920556589668
16 -1.01569206580146
17 -1.15477942600361
18 -1.34729648567249
19 -1.69622306887786
1 0.148197143541323
2 -0.0249388644995397
3 -0.0891361224413345
4 -0.182990035608815
5 -0.238856963223277
6 -0.282951235183466
7 -0.346908551269553
8 -0.44248826832922
9 -0.502385241854359
10 -0.57343720250265
11 -0.676627240639775
12 -0.795537223939919
13 -0.867767843269266
14 -0.945063899017504
15 -1.07371931090578
16 -1.25595919645059
17 -1.41987404209578
18 -1.62498639715255
19 -1.99291164504692
1 0.20362441472989
2 0.034837317906262
3 -0.0476957295777134
4 -0.116295538398365
5 -0.172120815030329
6 -0.233671691220665
7 -0.299023367242153
8 -0.383633751205947
9 -0.431832986310364
10 -0.507779694727136
11 -0.578582111292657
12 -0.662280794310798
13 -0.771110479362564
14 -0.867741303166101
15 -0.975366773459415
16 -1.09793897885073
17 -1.24322287471243
18 -1.45353276010636
19 -1.80516837716025
1 0.129761993257825
2 -0.0706720105796218
3 -0.159764407598578
4 -0.258977678704583
5 -0.338716914814506
6 -0.415441405264289
7 -0.459859721024858
8 -0.531665145653471
9 -0.622320912285291
10 -0.67920888262531
11 -0.784433235066547
12 -0.869468400655813
13 -0.960246629923154
14 -1.05695702560757
15 -1.17318782449276
16 -1.34279755800302
17 -1.48324493332166
18 -1.70055988943097
19 -2.11293273310069
1 0.184138908782949
2 -0.00812229778533607
3 -0.0709079736188947
4 -0.131430422687493
5 -0.190765392808975
6 -0.261342617976978
7 -0.334164235927412
8 -0.408445849072711
9 -0.459290371046262
10 -0.526994949577268
11 -0.600829315622968
12 -0.671873439865837
13 -0.759538324650158
14 -0.836646628915747
15 -0.964944710459862
16 -1.1471260355968
17 -1.30764696326808
18 -1.52368412428884
19 -1.89213247184773
1 0.164950247794782
2 -0.0409020669009251
3 -0.10707397719776
4 -0.171235234488718
5 -0.200171891820969
6 -0.250039635599035
7 -0.310961515033679
8 -0.377787368875029
9 -0.422694200630213
10 -0.499595563858258
11 -0.576297094482101
12 -0.639664362274267
13 -0.747988838097455
14 -0.827610290334624
15 -0.923084013049444
16 -1.06944343332628
17 -1.23954067161064
18 -1.4232341967926
19 -1.73095034631656
1 0.157834586650713
2 -0.0117398827108427
3 -0.118544226727721
4 -0.19852608183917
5 -0.268434637051093
6 -0.332838455707651
7 -0.394098503076028
8 -0.456800084945065
9 -0.503225320076645
10 -0.578469636646339
11 -0.632756641200281
12 -0.715785003131398
13 -0.78787141316266
14 -0.863294748231906
15 -0.974477128353114
16 -1.13697269501867
17 -1.30116565165621
18 -1.52071071410726
19 -1.93654356520438
1 0.163995200354287
2 0.019405660749875
3 -0.0577535512033186
4 -0.147535047191274
5 -0.236381158115499
6 -0.29746287146176
7 -0.354574586958628
8 -0.415953225340307
9 -0.476871583772504
10 -0.568958561362022
11 -0.634856759175915
12 -0.729942964962958
13 -0.807994906941533
14 -0.904994787586651
15 -0.98766133709777
16 -1.16003216664486
17 -1.31827049695025
18 -1.50645506848166
19 -1.83656559369358
1 0.133224908942301
2 -0.0300513577464357
3 -0.090111478796913
4 -0.181090663543885
5 -0.26126206130447
6 -0.310621737655486
7 -0.362921410048047
8 -0.428103836652666
9 -0.512508056423798
10 -0.590089121789248
11 -0.656049211953621
12 -0.740743132881173
13 -0.864876751807631
14 -0.956164617746305
15 -1.06765334760814
16 -1.1908361094661
17 -1.49442313655868
18 -1.72702703016214
19 -2.16006587639006
1 0.136448945363542
2 -0.0422108913968393
3 -0.10852751082884
4 -0.179753778000649
5 -0.286043126910097
6 -0.33841513440904
7 -0.408007822624467
8 -0.469204931702431
9 -0.519934541145194
10 -0.600643170546727
11 -0.678519998293614
12 -0.744988445814051
13 -0.838158304757542
14 -0.920073521429768
15 -1.05651694343711
16 -1.23871832537045
17 -1.41074914022825
18 -1.65512639170486
19 -1.97671053403102
1 0.154144580140521
2 -0.0145655135599799
3 -0.084151657909028
4 -0.136340365125833
5 -0.181398182901026
6 -0.233227067917737
7 -0.2844154329557
8 -0.349694977337152
9 -0.425016015744763
10 -0.523921528026193
11 -0.599139375337532
12 -0.671510627126126
13 -0.782420482530406
14 -0.907640659872066
15 -1.06311541030976
16 -1.21519192693414
17 -1.39108919981062
18 -1.6182005936662
19 -2.05913779375762
1 0.188121810165315
2 0.0123183033984056
3 -0.108859683528737
4 -0.156063550725652
5 -0.229209897715557
6 -0.303589887171176
7 -0.367862339497503
8 -0.422601275708374
9 -0.491734570341487
10 -0.577244256759626
11 -0.702304132813158
12 -0.794348374560047
13 -0.894089545956438
14 -0.978980019536341
15 -1.08095112942543
16 -1.19979972388803
17 -1.35479947460345
18 -1.6128149226963
19 -1.96318366716261
1 0.197025295403403
2 -0.011508436794664
3 -0.10171107324086
4 -0.173006248483406
5 -0.240155401348629
6 -0.31157359909362
7 -0.394078579988368
8 -0.455278601586115
9 -0.542291128356302
10 -0.60944973990083
11 -0.70431324175525
12 -0.816051679513388
13 -0.957083509341752
14 -1.05514926121452
15 -1.18956305580121
16 -1.33644350650701
17 -1.52283715966182
18 -1.76188523094097
19 -2.11241798337121
1 0.154699130001532
2 -0.0369592124528589
3 -0.120720638213529
4 -0.197512136036842
5 -0.248487526486033
6 -0.325789269415308
7 -0.392172799052961
8 -0.455469469896447
9 -0.515620563112721
10 -0.580583776863292
11 -0.666497199564442
12 -0.747257572515423
13 -0.81588276464282
14 -0.951564029253975
15 -1.05633392654116
16 -1.2351760035809
17 -1.41677049223137
18 -1.63449570288604
19 -2.17362283925772
1 0.176253212496133
2 -0.0506625762074113
3 -0.111907640993291
4 -0.183555838265139
5 -0.255790383587135
6 -0.301993751312072
7 -0.369192893029027
8 -0.440801215933124
9 -0.516309214209595
10 -0.589089920316989
11 -0.674009495377156
12 -0.741126164263933
13 -0.836435574147058
14 -0.908294254135375
15 -1.04884886575759
16 -1.16264735738306
17 -1.29622104810129
18 -1.48785073481373
19 -1.89971883820813
1 0.162205811141958
2 0.00647800834907237
3 -0.0738532132834743
4 -0.196385346904283
5 -0.261213307143141
6 -0.352823779390122
7 -0.416639318246723
8 -0.46040353869589
9 -0.519242914447516
10 -0.587423096989144
11 -0.672562198939162
12 -0.735857949973361
13 -0.806148807993156
14 -0.938384849307417
15 -1.08763586438496
16 -1.23198539868909
17 -1.4029449457163
18 -1.61402301392871
19 -1.97613389162126
1 0.226255647892549
2 -0.0146799115422578
3 -0.0924618675989869
4 -0.171141908860287
5 -0.220490065082876
6 -0.292402705075875
7 -0.349088909461272
8 -0.400241905148086
9 -0.465294684887518
10 -0.52990097296036
11 -0.606941076350841
12 -0.709385877125541
13 -0.786101093698756
14 -0.90117985939194
15 -1.01038792558247
16 -1.15203848986786
17 -1.3393655857519
18 -1.58233423671269
19 -1.92762974500933
1 0.187417812578046
2 0.0277801514770051
3 -0.0562623798510647
4 -0.156044512325131
5 -0.288115268249479
6 -0.362720999517454
7 -0.435387548809452
8 -0.479549609194961
9 -0.564426486248973
10 -0.635143172455327
11 -0.718135180530524
12 -0.806576013380116
13 -0.903309525986003
14 -1.00607828113087
15 -1.17487948528447
16 -1.32642019543914
17 -1.52646942641909
18 -1.77262446993721
19 -2.23386074070003
1 0.16846300847971
2 0.0455618128879192
3 -0.0593196890864735
4 -0.145371950026518
5 -0.204642712151765
6 -0.289228554293007
7 -0.366574587339639
8 -0.413499500135797
9 -0.483056617082953
10 -0.568206844699673
11 -0.670690637759448
12 -0.731488326393309
13 -0.820551900572507
14 -0.925659780120665
15 -1.03546391179217
16 -1.18658625259551
17 -1.3708018977787
18 -1.67708193297004
19 -2.1048814790782
1 0.101693713108243
2 -0.030681378208564
3 -0.109913801519275
4 -0.160314925524904
5 -0.236803504281715
6 -0.301851905055376
7 -0.357597731813092
8 -0.412047746420303
9 -0.484916019286383
10 -0.540486473563341
11 -0.632212549099413
12 -0.695282230106804
13 -0.7994157052878
14 -0.918366009232184
15 -1.03239033847683
16 -1.14407402234891
17 -1.27731656924576
18 -1.44581886314559
19 -1.87901226975432
1 0.214443133303474
2 0.00124340056836684
3 -0.0555142569427357
4 -0.152205637995249
5 -0.195502710812567
6 -0.243867477714327
7 -0.318480769409982
8 -0.373814346218504
9 -0.421259173831017
10 -0.463363819168567
11 -0.55547604589389
12 -0.624377676169585
13 -0.692996574272397
14 -0.788373394868162
15 -0.870425034815977
16 -0.991452827317581
17 -1.15896929099406
18 -1.46440482479362
19 -1.82505306232937
1 0.172278170765459
2 0.0166641074710129
3 -0.0856051965150935
4 -0.19926692576317
5 -0.260169288765419
6 -0.292611195307171
7 -0.347968616483508
8 -0.424808425917715
9 -0.49061457174506
10 -0.558184990272859
11 -0.640099749352199
12 -0.698005251121662
13 -0.766714821642228
14 -0.873786666567956
15 -0.99908235731307
16 -1.10885296165241
17 -1.24800587521643
18 -1.42292029099776
19 -1.82258274228703
1 0.140243604244515
2 -0.0121116178601872
3 -0.0981316409338195
4 -0.195597758466641
5 -0.261420479853239
6 -0.335686317649752
7 -0.41821338847399
8 -0.497080688794439
9 -0.561285968147471
10 -0.668819255955327
11 -0.727735523466967
12 -0.810119917056813
13 -0.918403600460303
14 -1.00896543173983
15 -1.10887222951567
16 -1.28153941196535
17 -1.43662405444117
18 -1.67911661626771
19 -2.0863317507367
1 0.169371386574962
2 0.0643585438893454
3 -0.0714894423330957
4 -0.134009888359744
5 -0.212491727707217
6 -0.263742003941245
7 -0.319280692534838
8 -0.379359882839153
9 -0.438700703014558
10 -0.517357182552057
11 -0.598946489346155
12 -0.685294844547066
13 -0.775221708011235
14 -0.865108692211016
15 -0.965227202385852
16 -1.16042630436596
17 -1.35345484186224
18 -1.58652067031521
19 -1.92483646886611
1 0.199641404849502
2 -0.0429619794584899
3 -0.136949408996898
4 -0.186319793896062
5 -0.239735572991733
6 -0.316295162140223
7 -0.35975401839181
8 -0.426172197177965
9 -0.474540706349221
10 -0.537317681000569
11 -0.622565216436516
12 -0.684836482397138
13 -0.775920553442966
14 -0.849128756329922
15 -0.979100311880684
16 -1.14945065686538
17 -1.29771742974023
18 -1.49823279120966
19 -1.82349625243142
1 0.121298899465932
2 -0.0378051838852749
3 -0.116669122727357
4 -0.148854185885387
5 -0.202119162643918
6 -0.290021651518289
7 -0.358982604752828
8 -0.439917330768564
9 -0.511562771140028
10 -0.559372948726414
11 -0.624099949908027
12 -0.75104819168772
13 -0.837078815321783
14 -0.913958452170574
15 -1.03062340798922
16 -1.19609249725524
17 -1.36832106481452
18 -1.65294588088893
19 -2.10242354918378
1 0.190352975711375
2 -0.0142496151576118
3 -0.0678665761918904
4 -0.163300787787977
5 -0.259310558852474
6 -0.31615384037601
7 -0.380929438584298
8 -0.457893160155886
9 -0.539996471151787
10 -0.584859551772978
11 -0.633000940324922
12 -0.704121233373495
13 -0.790627988321039
14 -0.868203940753524
15 -0.960796689392574
16 -1.13036350705011
17 -1.3530583485384
18 -1.6015098185121
19 -1.96210562816338
1 0.194918181315275
2 0.0106397351703972
3 -0.0522990207193926
4 -0.120873948758292
5 -0.200374892546244
6 -0.250126998631731
7 -0.297938251435104
8 -0.345477851122526
9 -0.397080207070107
10 -0.456009256800905
11 -0.505699893398463
12 -0.581982347228968
13 -0.66831101889091
14 -0.74048490793268
15 -0.885260873561813
16 -1.03753819687319
17 -1.18854666348808
18 -1.5236688392288
19 -1.85210279397466
1 0.114342097971284
2 -0.0151504878288281
3 -0.0879440423962973
4 -0.1376122271217
5 -0.200378082051596
6 -0.281638746355579
7 -0.368645098194143
8 -0.421213938814288
9 -0.503791164600918
10 -0.574137150981464
11 -0.631078144046227
12 -0.716063277280526
13 -0.78957518942271
14 -0.874989560881939
15 -0.969791987557723
16 -1.11872878389562
17 -1.28761657365704
18 -1.48080581261692
19 -1.80444194228945
1 0.203102429090245
2 -0.0109076995127824
3 -0.106510441640288
4 -0.177770911757935
5 -0.255695994085997
6 -0.354272704625965
7 -0.426792759480157
8 -0.479856609909778
9 -0.533872134206779
10 -0.616586493539151
11 -0.669510783144482
12 -0.75496807087248
13 -0.839137265783264
14 -0.927750536059845
15 -1.01496793246702
16 -1.17675543596347
17 -1.32810719746962
18 -1.52300569272305
19 -1.83422768552853
1 0.187236593645025
2 -0.0606541232198176
3 -0.15492196408064
4 -0.259068364448126
5 -0.286061073325919
6 -0.348952077226433
7 -0.407132784859001
8 -0.509329797164641
9 -0.614834746393129
10 -0.69159276273596
11 -0.7696642849736
12 -0.849344390111244
13 -0.939415864333996
14 -1.02513421356163
15 -1.19153240274141
16 -1.34383099916363
17 -1.54582967827644
18 -1.80909052355947
19 -2.53586855283478
1 0.136895401081447
2 -0.0272658820542969
3 -0.107013190657719
4 -0.184102939570919
5 -0.24838845754931
6 -0.295612615612091
7 -0.355662510952854
8 -0.410555904098896
9 -0.474400974607161
10 -0.517132643721826
11 -0.579916848340772
12 -0.649394722647087
13 -0.744723113302517
14 -0.851103244741567
15 -0.935142640350931
16 -1.1076629111493
17 -1.24842736045859
18 -1.45122255142344
19 -1.79975674762336
1 0.194435078252502
2 -0.00219151115079395
3 -0.100399175788405
4 -0.188273861922704
5 -0.272465732145201
6 -0.354387994769236
7 -0.413134186387223
8 -0.495543387528339
9 -0.564315770819841
10 -0.615265788304444
11 -0.714795236589718
12 -0.795205135785274
13 -0.904801379800694
14 -1.03516507936242
15 -1.1491346474391
16 -1.28694874050208
17 -1.4452675089759
18 -1.6316989264525
19 -1.93817483926581
1 0.172865311076638
2 0.0128990167568169
3 -0.115959931652541
4 -0.239766222733866
5 -0.299250628740728
6 -0.368684825589403
7 -0.407309751996201
8 -0.482853131470265
9 -0.566753809358399
10 -0.688095011045468
11 -0.762707281255994
12 -0.84148416595369
13 -0.914854055519139
14 -0.993171694306657
15 -1.08819895264481
16 -1.17750402519989
17 -1.32398019151497
18 -1.61663740124569
19 -1.99127677473384
1 0.236154294948292
2 0.0392792860353319
3 -0.0373329849667792
4 -0.100863147273573
5 -0.170874025715224
6 -0.250929982653118
7 -0.293201004762428
8 -0.34315151442302
9 -0.426634796590065
10 -0.495780632609519
11 -0.559256137379021
12 -0.638869145418448
13 -0.71751940454568
14 -0.801173376025153
15 -0.951379039600977
16 -1.05339044396445
17 -1.26102864034546
18 -1.48360136309619
19 -1.79498318766992
1 0.156863716665727
2 -0.00789359071098554
3 -0.125253836582303
4 -0.221292337473943
5 -0.275339000919933
6 -0.339129839894437
7 -0.43725426975124
8 -0.495470194180146
9 -0.542955347233728
10 -0.633359044243099
11 -0.737068074940483
12 -0.824937241046902
13 -0.910178565703952
14 -0.995515040298201
15 -1.13358051783681
16 -1.24560597561083
17 -1.45210812576834
18 -1.67528780032895
19 -2.08024358894056
1 0.148507117365742
2 -0.0270200896360652
3 -0.10380373419569
4 -0.173533744936893
5 -0.261386743157966
6 -0.331894840389619
7 -0.397656188783443
8 -0.469626932186128
9 -0.539342994321019
10 -0.591139492829935
11 -0.706538681913317
12 -0.78038928710999
13 -0.898016768250204
14 -1.00780869550498
15 -1.11734932990256
16 -1.21953294050614
17 -1.43629922733605
18 -1.63737772433118
19 -1.94482767735471
1 0.166024410855909
2 -0.0979680494669696
3 -0.148784479420555
4 -0.226405277351963
5 -0.300187894743346
6 -0.376957293440678
7 -0.437738589023526
8 -0.487197626180634
9 -0.542620207479161
10 -0.592466569248732
11 -0.646178358588957
12 -0.729866077704408
13 -0.836637389907212
14 -0.976795714860187
15 -1.08973475042359
16 -1.24170484208647
17 -1.44386216896981
18 -1.69045914181056
19 -2.02291193082847
1 0.209748538629376
2 -0.0442862104890278
3 -0.126350184678512
4 -0.214702750071404
5 -0.275509191530265
6 -0.313068728165178
7 -0.370221221438811
8 -0.449870175905468
9 -0.543449098057847
10 -0.625738085081373
11 -0.704068190312169
12 -0.769745263302141
13 -0.836336312484234
14 -0.951820699077726
15 -1.03727983913634
16 -1.14100576080202
17 -1.26113679129847
18 -1.51836354526873
19 -1.82352843575716
1 0.146581395685475
2 -0.0204002291204622
3 -0.16095625027562
4 -0.219132134804348
5 -0.283172820030221
6 -0.332856087556189
7 -0.413047992595793
8 -0.492633462388892
9 -0.578148260635697
10 -0.691900956823886
11 -0.772096589036458
12 -0.86828226087157
13 -0.953381198842846
14 -1.12688758681188
15 -1.26319377771104
16 -1.38312276688871
17 -1.54114248795998
18 -1.78899597029354
19 -2.31823167086634
1 0.208735185999499
2 0.0105807944085575
3 -0.0664656263673429
4 -0.17173314443523
5 -0.260906677962984
6 -0.333537719539876
7 -0.409571884616084
8 -0.480221174295343
9 -0.568745789065019
10 -0.664116825335187
11 -0.751022833135185
12 -0.8685426946223
13 -0.9896317123122
14 -1.097126406224
15 -1.29766610480702
16 -1.47146937949855
17 -1.63790577963994
18 -1.86244215572709
19 -2.2219221337395
1 0.156439512151947
2 -0.0129949958917495
3 -0.0991296847685011
4 -0.161733609973853
5 -0.257541679125442
6 -0.305350081451361
7 -0.409732262220211
8 -0.490079598045085
9 -0.557974701381551
10 -0.622305739353969
11 -0.679429160945918
12 -0.781338303266571
13 -0.864209153021406
14 -0.948234721838124
15 -1.06743499294757
16 -1.19202634282773
17 -1.44795726678278
18 -1.75455000199706
19 -2.07111808637605
1 0.153373839669075
2 0.0242992218324072
3 -0.0874917417064613
4 -0.153195041102657
5 -0.218074544235819
6 -0.312183450212844
7 -0.398287799686335
8 -0.465129377865604
9 -0.539035169710233
10 -0.593366860554999
11 -0.698118972573259
12 -0.794939731347508
13 -0.867296805877483
14 -0.997926378958919
15 -1.10447179803715
16 -1.23076783916095
17 -1.38435102759747
18 -1.5837154714097
19 -1.95197471278018
1 0.214924342501936
2 -0.0126077508933632
3 -0.126736440117778
4 -0.197800276685817
5 -0.261555879959283
6 -0.341985481083344
7 -0.400568071730534
8 -0.466640068830703
9 -0.526793904559387
10 -0.593270411555583
11 -0.649249881482186
12 -0.735100222754549
13 -0.811588286792549
14 -0.893619048255645
15 -1.09696644638368
16 -1.21723822867735
17 -1.38158974481479
18 -1.58382801027758
19 -1.97354265653284
1 0.160621104391895
2 0.0329668375328541
3 -0.0972505669633784
4 -0.16026009756763
5 -0.236094871869066
6 -0.312949728949577
7 -0.377174465918342
8 -0.41218748381916
9 -0.479172640164409
10 -0.559855560746386
11 -0.615229847348088
12 -0.677450296421239
13 -0.747424760877229
14 -0.868807059148694
15 -0.946542121530732
16 -1.10494816631777
17 -1.24146759010054
18 -1.43925043829201
19 -1.7420761155322
1 0.146120401193208
2 0.0114110633783908
3 -0.106422805190845
4 -0.178351742061693
5 -0.264535198356392
6 -0.342199404430687
7 -0.427676165149971
8 -0.467065060226016
9 -0.524507001964598
10 -0.611298364439319
11 -0.672976241544848
12 -0.743184432068258
13 -0.850041902355081
14 -0.946931938598742
15 -1.05676639355049
16 -1.24027867946894
17 -1.40850881334405
18 -1.61565952391398
19 -1.99303296082873
1 0.227580232004507
2 0.0161698244843116
3 -0.0453792359499011
4 -0.0963281190614855
5 -0.19444931762119
6 -0.275254751880628
7 -0.327978964171657
8 -0.42537074325465
9 -0.470944218366265
10 -0.520380151135681
11 -0.600295283120285
12 -0.668180127737762
13 -0.798130546892505
14 -0.900767691588859
15 -1.05242119780844
16 -1.18775334286891
17 -1.37276089622549
18 -1.56427640563689
19 -1.86775954743753
1 0.166929386676174
2 -0.0363214058280738
3 -0.149150633230928
4 -0.211700064151744
5 -0.302733610405332
6 -0.380808210451642
7 -0.444196160060936
8 -0.51105528310433
9 -0.572064398745939
10 -0.630587739278983
11 -0.715005698291192
12 -0.781752963699604
13 -0.85435913891503
14 -0.965447906081567
15 -1.06352648450554
16 -1.23880890337323
17 -1.42392995690194
18 -1.69847209113595
19 -2.02042769872406
1 0.177861218292888
2 0.079222770388152
3 -0.02006055300974
4 -0.102931092673232
5 -0.195526393622336
6 -0.254802507101705
7 -0.323233110707317
8 -0.374505399811882
9 -0.439484625466523
10 -0.526516221360609
11 -0.589710592837331
12 -0.669895457349665
13 -0.740928741751917
14 -0.848090456338613
15 -0.953765454212947
16 -1.18151586836986
17 -1.35106536920451
18 -1.62370179486304
19 -2.01476436592726
1 0.156200349687285
2 0.00984791552282448
3 -0.0526768193235635
4 -0.130651236255056
5 -0.215016674791201
6 -0.294349111361296
7 -0.323895125946477
8 -0.388254828622917
9 -0.447769884386829
10 -0.519004971858824
11 -0.615579883369743
12 -0.718291483778323
13 -0.788184006046448
14 -0.865091705249494
15 -0.997514964135804
16 -1.1077016538336
17 -1.25227855132296
18 -1.4460158729305
19 -1.74726634719264
1 0.19920766180891
2 -0.039077470495084
3 -0.10589495932207
4 -0.178275731187621
5 -0.254399081067244
6 -0.319323475919832
7 -0.377521766826674
8 -0.439788775744963
9 -0.488472599693299
10 -0.544334743595221
11 -0.598503342238118
12 -0.690567721868545
13 -0.759120086206652
14 -0.839776604397577
15 -0.951036956547099
16 -1.10839864840911
17 -1.23836256097881
18 -1.54215244379092
19 -1.86950436172584
1 0.157107076041146
2 -0.0400532605439138
3 -0.154723365045302
4 -0.227725210675013
5 -0.331162892448685
6 -0.391990296869889
7 -0.475088685039239
8 -0.544896176214396
9 -0.624714230086053
10 -0.707666899778404
11 -0.774988964321965
12 -0.855252267073073
13 -0.932154550549779
14 -1.01016555725835
15 -1.14559392631771
16 -1.25575296010959
17 -1.40150208757641
18 -1.61333405200286
19 -1.9443280815827
1 0.142754793782678
2 0.0245049344591749
3 -0.0513029204876062
4 -0.108607746729058
5 -0.174557660590681
6 -0.219346085406387
7 -0.271068388862231
8 -0.368707753365321
9 -0.409333812161579
10 -0.457800647740255
11 -0.5099195396484
12 -0.565158811289787
13 -0.624579643082718
14 -0.722190833885726
15 -0.838068194531336
16 -0.998100504229767
17 -1.13304812847111
18 -1.358718770318
19 -1.66305583494847
1 0.180622030872912
2 -0.00667760478492979
3 -0.058970206978886
4 -0.136124100107411
5 -0.214113907901323
6 -0.291787980745327
7 -0.345088674263777
8 -0.427603065990899
9 -0.493348374884042
10 -0.546206481166256
11 -0.601584874478519
12 -0.693431105980852
13 -0.787804115798042
14 -0.87488262862774
15 -0.983006446960988
16 -1.17257285346144
17 -1.35006366342334
18 -1.60476715532473
19 -2.1096148284931
1 0.181693862963128
2 0.0147357587947197
3 -0.128914532630124
4 -0.197140855122171
5 -0.271899241108709
6 -0.330389768512453
7 -0.403173919236906
8 -0.461073022063152
9 -0.53182695674684
10 -0.608432593803121
11 -0.703572891693973
12 -0.773720278115062
13 -0.888292491449782
14 -1.02271968532542
15 -1.15221987122129
16 -1.32231188945186
17 -1.50014742133855
18 -1.74366193004596
19 -2.3417952520046
1 0.197857322574111
2 0.0650459851007037
3 -0.11912213631544
4 -0.20818176087135
5 -0.295458983500092
6 -0.356591460070371
7 -0.414104754861861
8 -0.469586077362966
9 -0.542433679733995
10 -0.620098822710658
11 -0.677832727939372
12 -0.75717715391082
13 -0.868349083122664
14 -0.94892616399824
15 -1.06328885144432
16 -1.17368240476768
17 -1.32136770410256
18 -1.51593194632441
19 -1.93425755054781
1 0.196215443214156
2 -0.0451320191777503
3 -0.109762065228589
4 -0.222911366225845
5 -0.290302284604259
6 -0.375810344403192
7 -0.44604170749148
8 -0.51797244067661
9 -0.606316629702903
10 -0.70154105482638
11 -0.822048010303746
12 -0.918084442437316
13 -1.06924323660472
14 -1.23432381495497
15 -1.37028652764951
16 -1.55917011600554
17 -1.74069452581213
18 -1.99283769271186
19 -2.59271165554767
1 0.136889675688043
2 -0.0402907102293201
3 -0.116991726367251
4 -0.189904732905534
5 -0.270764054387018
6 -0.345631110922546
7 -0.421518594282874
8 -0.482093247814714
9 -0.546815227629241
10 -0.642401096882492
11 -0.712171361124039
12 -0.791678573634419
13 -0.878832262789923
14 -0.959625436854717
15 -1.09059061018254
16 -1.2008205594659
17 -1.35536758629119
18 -1.5837935877619
19 -1.89606476811625
1 0.155243941285415
2 -0.00464042215831846
3 -0.0835816455614648
4 -0.183919940646453
5 -0.256566790069329
6 -0.323237653716066
7 -0.426586471923769
8 -0.492792439133663
9 -0.555379917171717
10 -0.618139434356447
11 -0.722585851661622
12 -0.840718931668127
13 -0.947528641099728
14 -1.09894703611013
15 -1.2998842414152
16 -1.48221849665885
17 -1.66043824267445
18 -1.8996656897617
19 -2.23329109732924
1 0.1669209403569
2 0.0072285398499407
3 -0.0689119757406994
4 -0.14520916580715
5 -0.257739946103537
6 -0.290437473542198
7 -0.330047701678527
8 -0.383992938135464
9 -0.435837432911226
10 -0.495204124856097
11 -0.544154834103821
12 -0.620604636312984
13 -0.714250362785652
14 -0.78629197185692
15 -0.868355609704699
16 -1.01962729567126
17 -1.20353732978059
18 -1.41359385684608
19 -1.75046435709229
1 0.149348185120385
2 -0.0699713792816008
3 -0.160717015041038
4 -0.242289625225805
5 -0.293125188329028
6 -0.361211357718398
7 -0.413336395380144
8 -0.472095174015694
9 -0.538961827017698
10 -0.597671994059194
11 -0.682735765856458
12 -0.754930714124433
13 -0.879945605395801
14 -0.973286857433734
15 -1.0627165882914
16 -1.17508596935011
17 -1.42323554706128
18 -1.64233150687287
19 -1.97200330876367
1 0.140817757888696
2 -0.00394545373998182
3 -0.0838400910054541
4 -0.174384073012805
5 -0.276334330722261
6 -0.337361139511594
7 -0.396010393957291
8 -0.445766887168347
9 -0.497328862549002
10 -0.580450643937056
11 -0.656955297093493
12 -0.719147464681121
13 -0.834517421656401
14 -0.951484706016575
15 -1.07504983144294
16 -1.23389785353822
17 -1.47714816361195
18 -1.83862978742418
19 -2.17863986737056
1 0.142837382464545
2 -0.0119017341341721
3 -0.100869745774371
4 -0.170481294931059
5 -0.225709468341886
6 -0.305067427649883
7 -0.358525526182371
8 -0.415699309784348
9 -0.495180309183567
10 -0.590572438660885
11 -0.66876611672661
12 -0.733881919121349
13 -0.836889402106894
14 -0.92568327037574
15 -1.04850647479731
16 -1.17745843874402
17 -1.45137935614672
18 -1.72602484827139
19 -2.60876202251372
1 0.1405475588668
2 -0.00853418565325625
3 -0.0808335411430184
4 -0.185069061039324
5 -0.249169774316083
6 -0.310095184779966
7 -0.348571079433297
8 -0.405696332446066
9 -0.468582382155772
10 -0.53158171233352
11 -0.612050538802601
12 -0.666504204853808
13 -0.758489119268533
14 -0.868024852115114
15 -0.973772559704884
16 -1.14431342759781
17 -1.32100596194068
18 -1.60055423699243
19 -1.91123276235006
1 0.139387720790054
2 -0.0188708285802245
3 -0.103717829085519
4 -0.156963868619692
5 -0.210637092518702
6 -0.260573137880399
7 -0.315373174862597
8 -0.371479592279372
9 -0.425337844376844
10 -0.509809431709436
11 -0.557625416625846
12 -0.67650940329466
13 -0.74946208916653
14 -0.878801589305046
15 -1.00762880486808
16 -1.12311619632138
17 -1.2850133990228
18 -1.48571731148433
19 -1.80619073838129
1 0.141819013371091
2 -0.0182071863184345
3 -0.0823553626614499
4 -0.160723048345355
5 -0.220717052122766
6 -0.282831934748718
7 -0.408644405439969
8 -0.474767291768896
9 -0.532018578838927
10 -0.641832708141993
11 -0.702374328867226
12 -0.770120299705053
13 -0.862269584681758
14 -0.945668717392671
15 -1.04312916865944
16 -1.17029377778767
17 -1.31092301069314
18 -1.49208554122137
19 -1.80103907308127
1 0.21738053280732
2 0.00354581277980299
3 -0.137152308236914
4 -0.222534354476045
5 -0.298938013767904
6 -0.348635561166139
7 -0.40949495331498
8 -0.472281105355597
9 -0.568634688160066
10 -0.65936507835406
11 -0.745304004771741
12 -0.806782663736111
13 -0.896152731163463
14 -0.978975693368636
15 -1.07144057457829
16 -1.18322782234466
17 -1.31402673447962
18 -1.4999082274076
19 -1.80928877843887
1 0.222667630446327
2 0.0497151423841884
3 -0.0784605035343836
4 -0.189334995891368
5 -0.263279575750367
6 -0.345443892760365
7 -0.416546239936062
8 -0.482133146088607
9 -0.594404901640039
10 -0.655190259018688
11 -0.738471939043533
12 -0.82794132061818
13 -0.916644909501243
14 -1.02262454640439
15 -1.17123906200128
16 -1.27398277603241
17 -1.39945287589071
18 -1.56544307758421
19 -1.91256550172922
1 0.180897400559914
2 0.0190641521059608
3 -0.0344684590804797
4 -0.17264978992218
5 -0.229450140190348
6 -0.280184210103686
7 -0.345456309711975
8 -0.408578363046766
9 -0.45883917964181
10 -0.519200929245231
11 -0.571754760971833
12 -0.631421290090522
13 -0.748297748128901
14 -0.836453440762281
15 -0.942686974325603
16 -1.12903546650593
17 -1.29833488472155
18 -1.50002725373278
19 -1.80807950131347
1 0.177220167111299
2 -0.0203055236171225
3 -0.175999551006909
4 -0.235987935276653
5 -0.30965370658669
6 -0.391611121775446
7 -0.457774738938023
8 -0.516196619716507
9 -0.58890646616464
10 -0.646416858108462
11 -0.723730690581872
12 -0.811711300868168
13 -0.936975090160243
14 -1.03512258640396
15 -1.15503085735945
16 -1.28119925694277
17 -1.45576111513751
18 -1.74589560288226
19 -2.12139056495902
1 0.169051007984276
2 0.00746033497844221
3 -0.11031825415331
4 -0.150876669453733
5 -0.258584873592643
6 -0.313722831957598
7 -0.36304297216674
8 -0.452763490968104
9 -0.510871848360513
10 -0.571051729534427
11 -0.633265075104266
12 -0.724003982682836
13 -0.822014731516929
14 -0.949227393757009
15 -1.05973171427101
16 -1.18194195410548
17 -1.34533384012411
18 -1.58744715866891
19 -2.03984199594367
1 0.191775348982425
2 0.0272987439784068
3 -0.0811180940920767
4 -0.165677306652937
5 -0.256120913246795
6 -0.3568509566182
7 -0.397489008697545
8 -0.464755409171176
9 -0.551031867832049
10 -0.61900097475035
11 -0.702386877960309
12 -0.784667912431434
13 -0.884010436859758
14 -1.01356346111946
15 -1.13262347001263
16 -1.29586451557588
17 -1.51026777340637
18 -1.81639659725247
19 -2.19240770785858
1 0.207351096855252
2 -0.0126569646871394
3 -0.070601019478812
4 -0.18315426843786
5 -0.21827695488968
6 -0.279478878868917
7 -0.340493585023239
8 -0.415221606735476
9 -0.488176000060719
10 -0.557806618051945
11 -0.6242867442387
12 -0.697619159078747
13 -0.798670151034798
14 -0.881157453407784
15 -0.967074218200976
16 -1.07306405727779
17 -1.21167250521426
18 -1.40975202372533
19 -1.73997728519742
1 0.143064317879519
2 -0.0344164489440018
3 -0.151238068301271
4 -0.225276989632712
5 -0.307954334780266
6 -0.397559336271502
7 -0.477406986650086
8 -0.572047214257296
9 -0.649028340731333
10 -0.737821813869631
11 -0.824787843699085
12 -0.904593412474701
13 -1.0236182428211
14 -1.15164607716024
15 -1.28342184291654
16 -1.44051174134592
17 -1.59774799761638
18 -1.83275653961763
19 -2.1735207497029
1 0.222819895269765
2 0.00579819632547503
3 -0.130360078248488
4 -0.188474846051135
5 -0.264045693131039
6 -0.348252085464444
7 -0.426940136090405
8 -0.497120968113253
9 -0.590971867839568
10 -0.644864953470095
11 -0.716676211504067
12 -0.773548118528022
13 -0.843100806893856
14 -0.960682523579525
15 -1.10935927847892
16 -1.23778848466473
17 -1.40192509732134
18 -1.65745743429002
19 -2.14745037683914
1 0.131206545479539
2 -0.0365651913396316
3 -0.118310129140257
4 -0.198320666967963
5 -0.298307585435512
6 -0.349149289791797
7 -0.427019545622391
8 -0.500258854941037
9 -0.579699934972863
10 -0.641326380318806
11 -0.697752474660877
12 -0.772252361305719
13 -0.848335152950474
14 -0.959241143703969
15 -1.11396540167976
16 -1.31434226481678
17 -1.50164456341846
18 -1.76589843910357
19 -2.17479604115317
1 0.164439464109589
2 -0.00875524724766314
3 -0.0923658612775369
4 -0.161211963431609
5 -0.212135182306998
6 -0.281737570809016
7 -0.355254659580823
8 -0.394940345460285
9 -0.462190266344429
10 -0.512781968188876
11 -0.571298596432174
12 -0.662408556776804
13 -0.729187611547447
14 -0.830730200050812
15 -0.955473678867826
16 -1.13531829697195
17 -1.28383190560723
18 -1.4712430500568
19 -1.80708129216872
1 0.179018620778511
2 -0.0228602286037743
3 -0.0946582841380046
4 -0.15856569938526
5 -0.226343755834499
6 -0.27776238812738
7 -0.323553048015263
8 -0.380530628089958
9 -0.452300832988189
10 -0.526324929926064
11 -0.584737151946455
12 -0.65908274267245
13 -0.753940894039292
14 -0.85657163414473
15 -0.95766207386877
16 -1.07920062328556
17 -1.29254051458479
18 -1.54583389008319
19 -2.00297359171714
1 0.146217510362254
2 0.00178286687030129
3 -0.084219969327804
4 -0.149844227012529
5 -0.213113684286317
6 -0.269578108227571
7 -0.334429993781645
8 -0.419021522216655
9 -0.477927956107806
10 -0.541352890732426
11 -0.622511189384506
12 -0.718384797108173
13 -0.821248251653282
14 -0.925778523817128
15 -1.09255457601787
16 -1.32034081313736
17 -1.49227761536291
18 -1.75942721915502
19 -2.1577766802695
1 0.174450848316512
2 0.0225249302606305
3 -0.065919956382225
4 -0.124867062196414
5 -0.193562878787324
6 -0.285216935556164
7 -0.331934479393014
8 -0.408412265011675
9 -0.461625434781092
10 -0.56363893857344
11 -0.637206500336449
12 -0.702698542526481
13 -0.771272118850278
14 -0.852390432449194
15 -0.988192643676776
16 -1.10053556545254
17 -1.22581816897707
18 -1.46370281826805
19 -1.78337976131444
1 0.159152122182772
2 -0.0376841997429743
3 -0.15369927778334
4 -0.205232167085573
5 -0.274218122585082
6 -0.383103633295303
7 -0.458600596100157
8 -0.536154357333361
9 -0.616077105470811
10 -0.696155232622983
11 -0.793263300864091
12 -0.881695242090964
13 -0.972823877795961
14 -1.03910209818942
15 -1.16061636756398
16 -1.26989696284722
17 -1.41128543026145
18 -1.73120673791659
19 -2.03616362942736
1 0.13339514722691
2 4.9554514283979e-05
3 -0.113676655789309
4 -0.193370731390401
5 -0.23243907491404
6 -0.300064370347674
7 -0.371879192078105
8 -0.450154301408833
9 -0.557823296708296
10 -0.657117377174919
11 -0.736912140724852
12 -0.826244198589843
13 -0.916564049644464
14 -1.02842236202332
15 -1.16637507229322
16 -1.30910208029761
17 -1.49564756107366
18 -1.74652190506655
19 -2.40541876947795
1 0.111721283707969
2 -0.0317367403589448
3 -0.131207991202736
4 -0.195698620708558
5 -0.297905398764586
6 -0.336752920619488
7 -0.389393354440665
8 -0.443945324420133
9 -0.518009273617995
10 -0.596711653099957
11 -0.681264367220172
12 -0.781136370049855
13 -0.859136555233434
14 -0.940645003953647
15 -1.03379861266081
16 -1.22382703705896
17 -1.38610178225649
18 -1.5689043828692
19 -1.87945982817538
1 0.123994842858043
2 -0.00496842659626112
3 -0.10196306822278
4 -0.189785762421306
5 -0.270460158288703
6 -0.355368184927505
7 -0.428072982549748
8 -0.487510404468405
9 -0.537227761939766
10 -0.604836323589289
11 -0.691911907315077
12 -0.755238340033543
13 -0.852256141721169
14 -0.982120168024252
15 -1.10645386095948
16 -1.23831255236072
17 -1.4279859725408
18 -1.66172496991993
19 -2.13923140508054
1 0.218178636689835
2 0.0285102308176996
3 -0.0574148789499493
4 -0.146339919140676
5 -0.215879172925289
6 -0.334418811420247
7 -0.396986217268326
8 -0.484340830411013
9 -0.535829623284065
10 -0.621451336205976
11 -0.696423441282268
12 -0.775351952912542
13 -0.842011693923643
14 -0.918280292603447
15 -1.04702094851897
16 -1.19925172581912
17 -1.37917403707036
18 -1.61968623601077
19 -2.13320118646729
1 0.152819271130806
2 -0.0222964293936586
3 -0.0823170961081509
4 -0.126658821785573
5 -0.183834439896835
6 -0.285611646231832
7 -0.346544399131613
8 -0.393848948242644
9 -0.450728140933664
10 -0.526377161901311
11 -0.579868973729684
12 -0.652268548104112
13 -0.718188366988829
14 -0.807603072517109
15 -0.947525698710686
16 -1.1621912479447
17 -1.36242988653075
18 -1.56645153927281
19 -2.03372539919581
1 0.109135016105475
2 -0.0672069341459034
3 -0.177386543706078
4 -0.229691634634077
5 -0.295396678453407
6 -0.354393010391994
7 -0.437641010740889
8 -0.517907489049325
9 -0.596557506197403
10 -0.684095962188718
11 -0.758816144727134
12 -0.856203969756692
13 -0.939121576134869
14 -1.02320463102957
15 -1.15182374688102
16 -1.27932368167607
17 -1.44977517174453
18 -1.66782913962073
19 -2.06671245265366
1 0.195115575993435
2 -0.00617087336387118
3 -0.0762244084612827
4 -0.153542807454861
5 -0.207524201763494
6 -0.264872433264467
7 -0.318734193625488
8 -0.415112377760344
9 -0.499797108075362
10 -0.5941122779054
11 -0.651031994197484
12 -0.717683060823215
13 -0.823161080347725
14 -0.906240370747696
15 -1.00578007212738
16 -1.13351595116639
17 -1.29731190176935
18 -1.53778383147666
19 -1.89622865283397
1 0.171993168157611
2 -0.0297456665545886
3 -0.0920345007564023
4 -0.172785644302196
5 -0.23347321578243
6 -0.303888750650298
7 -0.392506643230595
8 -0.454051496104692
9 -0.511458341007157
10 -0.584698807430983
11 -0.683287803093214
12 -0.786096975905503
13 -0.865397460777377
14 -0.954241489433464
15 -1.06810046497181
16 -1.19633135934269
17 -1.3459942059872
18 -1.56030016883658
19 -1.9007410053122
1 0.150890605695158
2 0.0102193764987658
3 -0.0711568149928216
4 -0.18441390380488
5 -0.240594695692107
6 -0.3259911931851
7 -0.412478643483751
8 -0.475971581032491
9 -0.600090300962906
10 -0.668311040368653
11 -0.780164234933965
12 -0.833848436087058
13 -0.929653518350457
14 -1.07010445522266
15 -1.18929259348559
16 -1.32879003087065
17 -1.48848572751679
18 -1.69518410993664
19 -2.08175630187617
1 0.203039154723606
2 -0.015151473223375
3 -0.0780843364808435
4 -0.143427928163433
5 -0.212150201400198
6 -0.267815849818771
7 -0.312022967455699
8 -0.372657067115085
9 -0.433221956116467
10 -0.507559726602232
11 -0.590689361717873
12 -0.659119088911887
13 -0.775537412164317
14 -0.867390290164857
15 -0.977796734147883
16 -1.14668150115007
17 -1.37309288930963
18 -1.69083726050572
19 -2.41714720921057
1 0.16000959226055
2 -0.00325242921963096
3 -0.0853795457897928
4 -0.167893792966938
5 -0.244204435300049
6 -0.320617365609738
7 -0.39045549300802
8 -0.451163142936637
9 -0.534609425099147
10 -0.592505499321076
11 -0.652849148600081
12 -0.715230950836411
13 -0.788001015937492
14 -0.875025032267064
15 -0.974784906420762
16 -1.07546048525403
17 -1.25741091716417
18 -1.53225779048993
19 -1.89433530442693
1 0.199330744411719
2 -0.00680860524564885
3 -0.0754606653024986
4 -0.114280717444615
5 -0.166140306724661
6 -0.232419842625642
7 -0.317648699879216
8 -0.377476235212534
9 -0.451435725117776
10 -0.508901411445043
11 -0.572140677610264
12 -0.645075697339468
13 -0.737210120576458
14 -0.80138933344738
15 -0.88282779385771
16 -1.01761099677929
17 -1.24110973360284
18 -1.47023726110514
19 -1.86141874866597
1 0.205354147391718
2 -0.00566055447028985
3 -0.0481963240304284
4 -0.155548212007454
5 -0.240996901797196
6 -0.302057111134452
7 -0.337476679877686
8 -0.41251785818972
9 -0.458556814189561
10 -0.533789177870755
11 -0.606279120997353
12 -0.659524076676287
13 -0.765910336663947
14 -0.871103305135937
15 -0.97127229068843
16 -1.10056030658047
17 -1.24431928031417
18 -1.44818494012794
19 -1.78410634639804
1 0.113931179463836
2 -0.0642843079244862
3 -0.122456790889571
4 -0.228034000917041
5 -0.302597086664123
6 -0.386030181193026
7 -0.479100041262425
8 -0.543991137652625
9 -0.619959780892384
10 -0.664591429236671
11 -0.76709471982623
12 -0.827965711967384
13 -0.933430959334004
14 -1.01865269502889
15 -1.11712257278487
16 -1.23328301095188
17 -1.43129596736199
18 -1.70046184004191
19 -2.46154853419885
1 0.158311918985672
2 -0.0276954207015184
3 -0.130806026813762
4 -0.20459413169377
5 -0.256211205519678
6 -0.309877767460846
7 -0.386780266932837
8 -0.440686736897314
9 -0.501851525013613
10 -0.575213610136167
11 -0.652895140801573
12 -0.712542980573001
13 -0.789196146962683
14 -0.88533491504304
15 -1.00874935947287
16 -1.20554673564956
17 -1.38324428335634
18 -1.64386507693505
19 -2.04961659854003
1 0.178999651632966
2 -0.0168423617187153
3 -0.112507937805032
4 -0.195633182499841
5 -0.270813532427736
6 -0.312977523071813
7 -0.383898139627557
8 -0.445356642755755
9 -0.507043906068222
10 -0.589731254328115
11 -0.6402237772364
12 -0.701702276470095
13 -0.771836124337812
14 -0.873903442624795
15 -1.01323108928072
16 -1.19382999853286
17 -1.3526981844614
18 -1.5554011095239
19 -1.86618307729328
1 0.158797529827919
2 -0.00715093027109407
3 -0.130797557988354
4 -0.199013416295933
5 -0.248435903536782
6 -0.335279944118493
7 -0.421181336876233
8 -0.475813947663254
9 -0.524548591387106
10 -0.593298356757543
11 -0.654592795008326
12 -0.725225081499197
13 -0.833968752964498
14 -0.950511811837922
15 -1.05428023066537
16 -1.18780049760431
17 -1.36314372574228
18 -1.57569778408422
19 -1.98430591068251
1 0.160411148753277
2 -0.0256372556385596
3 -0.099387775355286
4 -0.157164240309467
5 -0.223036203635943
6 -0.272398725228998
7 -0.368111800009367
8 -0.428354790101381
9 -0.475234982351199
10 -0.527256052385767
11 -0.600560251497476
12 -0.664063668095873
13 -0.724515185660292
14 -0.841340479421673
15 -0.936707141316491
16 -1.03924922308142
17 -1.17242333265694
18 -1.35353133590057
19 -1.83359057800114
1 0.178153305167808
2 -0.0357230885111577
3 -0.139338682579324
4 -0.203142305523607
5 -0.254066228052446
6 -0.29819498715627
7 -0.368728587802989
8 -0.452173402690492
9 -0.524073528669412
10 -0.636768627394749
11 -0.704018621498512
12 -0.782067839380841
13 -0.878372169783305
14 -0.996071818333447
15 -1.10642579421008
16 -1.27217197690637
17 -1.44501188441829
18 -1.68100010520128
19 -2.09063698216552
1 0.16222282722839
2 -0.0268679678714427
3 -0.124720597189391
4 -0.175670034051215
5 -0.23051914807712
6 -0.312361031336179
7 -0.377354957321998
8 -0.447475867272673
9 -0.494886809921302
10 -0.586328063419611
11 -0.641177422975799
12 -0.747947211092891
13 -0.831585916772715
14 -0.920362966903925
15 -1.02995280592138
16 -1.1600226248335
17 -1.37937225393154
18 -1.61690102728688
19 -1.96128568014353
1 0.203461243071685
2 0.0124133333100799
3 -0.0564788102083987
4 -0.128831840641743
5 -0.195827002740616
6 -0.244854770692433
7 -0.30631750895983
8 -0.389847450068599
9 -0.454354486864722
10 -0.508654063430199
11 -0.561333819388702
12 -0.615060401907787
13 -0.69862705035543
14 -0.773085089598779
15 -0.861502040578939
16 -0.966472673997
17 -1.09831115684489
18 -1.39177835981166
19 -1.73823796362669
1 0.192543640219644
2 -0.00238257962991937
3 -0.0595548502402651
4 -0.155623156001689
5 -0.261267493842407
6 -0.298458837727033
7 -0.371838341421566
8 -0.423107263112847
9 -0.497971085140024
10 -0.576734188172159
11 -0.647647794707967
12 -0.710348889093053
13 -0.78944074507404
14 -0.859100405996825
15 -0.945752498998222
16 -1.04240010695643
17 -1.25092700421427
18 -1.4599127629103
19 -1.77712294301241
1 0.110399555387261
2 -0.0646882606327442
3 -0.143079734272025
4 -0.220640053399208
5 -0.272863041568401
6 -0.36335825426217
7 -0.459266364707035
8 -0.531002084444782
9 -0.616766423473004
10 -0.696658212932006
11 -0.852008650205823
12 -0.957529210283199
13 -1.06270935801738
14 -1.16684596036207
15 -1.28627229942943
16 -1.42129789892191
17 -1.60482378207756
18 -1.847702939529
19 -2.34541539413045
1 0.203917374393386
2 -0.0227019724589148
3 -0.127616723217839
4 -0.207832800717736
5 -0.286530665479296
6 -0.391158976102956
7 -0.45523919581154
8 -0.519057902112857
9 -0.569921460164095
10 -0.647311230857557
11 -0.73089018465569
12 -0.787722891855785
13 -0.858340635783365
14 -0.988173559009814
15 -1.095278312347
16 -1.22142867993068
17 -1.38199828798659
18 -1.60957219567686
19 -1.96894285161315
1 0.153078791881249
2 -0.0122685723047852
3 -0.0880123734346685
4 -0.143632712444389
5 -0.230849900591178
6 -0.305399699991319
7 -0.365680920406444
8 -0.419903921208415
9 -0.467650233807133
10 -0.534832155129903
11 -0.616447339198008
12 -0.692135141774863
13 -0.751692997955105
14 -0.868446100469214
15 -0.999498200868486
16 -1.12089787556832
17 -1.37249073619462
18 -1.59964706843739
19 -1.99540562172629
1 0.118677280263905
2 -0.0297593119358755
3 -0.131358635800518
4 -0.179546330095119
5 -0.25169235604206
6 -0.321271692812095
7 -0.402433169223955
8 -0.469504210997319
9 -0.540911045813602
10 -0.618795518094485
11 -0.656699227253646
12 -0.716147179739121
13 -0.824381574848104
14 -0.929028186927613
15 -1.0285605425719
16 -1.20761593265774
17 -1.37389047995153
18 -1.7067173876938
19 -2.18520776422934
1 0.175762426263297
2 -0.0131258047757902
3 -0.114275040087039
4 -0.20487600605578
5 -0.2660376175512
6 -0.327799484309648
7 -0.377321846191471
8 -0.450628656891725
9 -0.490932094902529
10 -0.566521608404847
11 -0.635505489540443
12 -0.720697954882976
13 -0.828662500898188
14 -0.906818483996192
15 -1.06498295744333
16 -1.18799155383341
17 -1.32990637216269
18 -1.53768197661051
19 -1.84385377504014
1 0.191850082268431
2 0.00552893017303298
3 -0.101453870246334
4 -0.168983832598802
5 -0.263337524047742
6 -0.376399112593277
7 -0.459351116495627
8 -0.532898403724474
9 -0.624812416593018
10 -0.694983894012597
11 -0.790875621013757
12 -0.867692726919024
13 -0.966971511034086
14 -1.06307193160267
15 -1.17660019479768
16 -1.32842115699954
17 -1.58299014286222
18 -1.91182820968785
19 -2.23810892234826
1 0.194185602230262
2 0.00811539395816566
3 -0.119347530864533
4 -0.199134321529103
5 -0.264167364170603
6 -0.302915290989246
7 -0.409644205625395
8 -0.484309611130041
9 -0.587326077643193
10 -0.694068138461272
11 -0.791194777712535
12 -0.876919050965621
13 -0.981805539053205
14 -1.09044760458647
15 -1.21277508747653
16 -1.35686905019197
17 -1.51935482482867
18 -1.73661392651627
19 -2.10351000646725
1 0.188267088375102
2 -0.0335541708794817
3 -0.117137014578761
4 -0.221588606058823
5 -0.282718820059052
6 -0.357586187312023
7 -0.449559486289187
8 -0.524907190626711
9 -0.604837805839345
10 -0.699530803558532
11 -0.75429307285625
12 -0.831229240162182
13 -0.915875200299552
14 -1.01518171053538
15 -1.16786630307773
16 -1.35163023471581
17 -1.46496517021935
18 -1.61435712634404
19 -2.04775400893361
1 0.205871075289565
2 -0.0258600654401519
3 -0.0975930365421019
4 -0.168541827917992
5 -0.243675356484157
6 -0.335997559104388
7 -0.437107692521474
8 -0.504336422566423
9 -0.562714849474428
10 -0.614276465938653
11 -0.663087103424838
12 -0.716410117615463
13 -0.792815429595409
14 -0.900919652115652
15 -1.00795620640436
16 -1.17148047932901
17 -1.31475966163871
18 -1.51069824958879
19 -1.85787587178492
1 0.167813386636794
2 -0.00926625862562417
3 -0.111573086929856
4 -0.177408699961533
5 -0.25869054725318
6 -0.315581575354694
7 -0.371014453785185
8 -0.450473258670237
9 -0.518501215980389
10 -0.593514827740445
11 -0.658024248150398
12 -0.724142930943159
13 -0.823071162607758
14 -0.950219298874829
15 -1.04726365578792
16 -1.16659202336682
17 -1.31197607589643
18 -1.53118803397911
19 -1.8557675553321
1 0.147358885040185
2 -0.0388880042452381
3 -0.131590859501336
4 -0.223753974550244
5 -0.311295984181123
6 -0.37373890101265
7 -0.428437956719133
8 -0.497053226214789
9 -0.549592419369036
10 -0.617026138292979
11 -0.667046119064021
12 -0.725751097273042
13 -0.812120649018342
14 -0.985735041543604
15 -1.06882084680746
16 -1.18105121052485
17 -1.38074971969136
18 -1.61423561607208
19 -1.96390118518166
1 0.195141451223005
2 0.0131369495996863
3 -0.0812081069500483
4 -0.145509273036266
5 -0.245540976852656
6 -0.322174159872328
7 -0.386489911151305
8 -0.463013337420674
9 -0.50863936289818
10 -0.558380419773962
11 -0.643640962854072
12 -0.715533496167543
13 -0.787151413863154
14 -0.872397164248172
15 -0.964794209673512
16 -1.12069659497447
17 -1.3368968025104
18 -1.56152639979867
19 -1.94722549355548
1 0.169141886329966
2 0.00282149594265768
3 -0.0690983722086181
4 -0.138015787873593
5 -0.232611868355384
6 -0.273722687939807
7 -0.338783980480525
8 -0.399836747312168
9 -0.463364298540558
10 -0.540029858681703
11 -0.630551948195363
12 -0.751088688755835
13 -0.850812789278741
14 -0.942183698445634
15 -1.1119989780279
16 -1.25821296881975
17 -1.44819188331507
18 -1.76446573448296
19 -2.12143887443299
1 0.113766967854316
2 -0.0289662748760835
3 -0.110982228374756
4 -0.241160474900702
5 -0.305546506430023
6 -0.36992378290289
7 -0.438404131972413
8 -0.490020466827081
9 -0.58238620173189
10 -0.651460867236148
11 -0.713938417913523
12 -0.802950084845998
13 -0.890427040714064
14 -0.983241248118327
15 -1.10212178575732
16 -1.20633802557211
17 -1.38871589927163
18 -1.57792275932648
19 -1.8833632188005
1 0.167694192399221
2 0.0203550564521387
3 -0.0616773184535711
4 -0.127400223973368
5 -0.208683999811651
6 -0.276971520569625
7 -0.306925820668139
8 -0.376179377034133
9 -0.46056222005211
10 -0.528062813478448
11 -0.598179145186275
12 -0.670662838233817
13 -0.803405727121386
14 -0.938188957093114
15 -1.10737483622359
16 -1.24112823014168
17 -1.43519115983232
18 -1.74205033574218
19 -2.17715743543943
1 0.181240697212528
2 0.0370094053822769
3 -0.0701507602155875
4 -0.161192436627177
5 -0.219911499979594
6 -0.309413383959432
7 -0.356132862522242
8 -0.418706155349655
9 -0.465614313709914
10 -0.542100912946314
11 -0.678387444952463
12 -0.75605657871395
13 -0.839789551781417
14 -0.980808450148175
15 -1.10368172380418
16 -1.21825443541124
17 -1.39683079296279
18 -1.58421570071853
19 -1.90964378348028
1 0.0996270566808861
2 -0.0138623308170438
3 -0.112626556136531
4 -0.178911705582499
5 -0.248843182258325
6 -0.324309381918163
7 -0.381811509047888
8 -0.507844411770696
9 -0.559287266278309
10 -0.611529376453491
11 -0.677779369179679
12 -0.759105824441178
13 -0.85994834662725
14 -0.945519711775382
15 -1.07777634548464
16 -1.19879669307286
17 -1.36627189693334
18 -1.55815128437996
19 -1.90842841882658
1 0.132378520182163
2 -0.0132296768799947
3 -0.103201631944165
4 -0.179215400765361
5 -0.276101205772843
6 -0.321418959160421
7 -0.399742348294745
8 -0.444666699624278
9 -0.526125209983704
10 -0.61891549103762
11 -0.696276129134696
12 -0.768878681181527
13 -0.845591148600636
14 -0.955619265595065
15 -1.1032529213282
16 -1.26375418384941
17 -1.46602740687131
18 -1.76911761141379
19 -2.30819859543087
1 0.139787406524046
2 0.0298110219183316
3 -0.0425682145436229
4 -0.113986100270439
5 -0.179821745391324
6 -0.281511778483228
7 -0.365745296977822
8 -0.428836698252015
9 -0.480459699125703
10 -0.552676678824976
11 -0.637768655176765
12 -0.715017899589155
13 -0.824041113174786
14 -0.91139131216916
15 -1.00809034020306
16 -1.13179918813368
17 -1.29963896016039
18 -1.53749439548482
19 -1.94988106160348
1 0.151974832684492
2 -0.0134595530870583
3 -0.125154624323665
4 -0.186282386583514
5 -0.237365442030702
6 -0.303557776185592
7 -0.382064639433669
8 -0.452385930420524
9 -0.523372590464583
10 -0.610073933276865
11 -0.711803543779978
12 -0.798490015550443
13 -0.886065803636482
14 -0.99317869745779
15 -1.1634643888068
16 -1.2975802439183
17 -1.47924516437162
18 -1.66660507906201
19 -1.97839104207904
1 0.132140544852514
2 -0.0752086231720111
3 -0.189041687462796
4 -0.27166402271381
5 -0.343547412711989
6 -0.414896362325727
7 -0.470820200597368
8 -0.53812023634773
9 -0.594156963896313
10 -0.650326180380716
11 -0.732840741865623
12 -0.818520663064924
13 -0.927071272443823
14 -1.02450263080777
15 -1.13869504220417
16 -1.2796118682498
17 -1.44510251606253
18 -1.65698063499236
19 -1.98968628770591
1 0.195857098201023
2 -0.00140454301206103
3 -0.0914417933748181
4 -0.214383661365992
5 -0.290737410035366
6 -0.372470620044563
7 -0.433813913715049
8 -0.479265608199869
9 -0.565480943661629
10 -0.661586832476569
11 -0.76668401039722
12 -0.835450883406413
13 -0.912497254968132
14 -0.984800837642881
15 -1.11276645504872
16 -1.23796873903697
17 -1.39650152496097
18 -1.58929671189138
19 -1.90223494969578
1 0.200524224044807
2 0.0797998594634582
3 -0.0644636826966051
4 -0.176920455424881
5 -0.251188733230776
6 -0.314848864531027
7 -0.350615658927024
8 -0.426605443049804
9 -0.499772223635778
10 -0.554125947746522
11 -0.624149366513237
12 -0.708541052123084
13 -0.817358011267292
14 -0.898835026664321
15 -1.02965158598254
16 -1.13393362066198
17 -1.33148092865788
18 -1.54403436694365
19 -1.91170610323866
1 0.18513623529293
2 0.0144605453799451
3 -0.0905306781334309
4 -0.179847962013555
5 -0.28272734280454
6 -0.316748978398568
7 -0.383466074843541
8 -0.438381385520343
9 -0.510151302595136
10 -0.577902236805607
11 -0.640121016769898
12 -0.739949260594989
13 -0.850238647775857
14 -0.935643834955969
15 -1.070464956754
16 -1.20638153948996
17 -1.36490007919228
18 -1.54710553763945
19 -1.9306850845032
1 0.098099521973183
2 -0.0199687180497677
3 -0.118444524574994
4 -0.226439502176012
5 -0.28476733601356
6 -0.342900261919717
7 -0.404335921179079
8 -0.482280641294209
9 -0.541684704037885
10 -0.616639904039727
11 -0.707563261921399
12 -0.822881077301529
13 -0.912258968923235
14 -1.05965718015809
15 -1.17956493731662
16 -1.38834265533868
17 -1.55589575377774
18 -1.89013611697627
19 -3.17104182371399
1 0.147418500864251
2 -0.0112333648900179
3 -0.0856707312458056
4 -0.183267092188808
5 -0.251819242579411
6 -0.287574475934748
7 -0.376697488146724
8 -0.467230789693153
9 -0.55264927480797
10 -0.611411316217183
11 -0.66918349420998
12 -0.735774355954336
13 -0.857385937539413
14 -0.946518448537907
15 -1.07566176360996
16 -1.21277953145938
17 -1.35392016193686
18 -1.60810758766398
19 -2.06489846760845
1 0.0946105186400428
2 -0.0336598890841371
3 -0.131130241349902
4 -0.250224428879255
5 -0.301653349627866
6 -0.369143205305973
7 -0.429595725224598
8 -0.490692231002058
9 -0.554019283472648
10 -0.62170894650668
11 -0.666736020884085
12 -0.72998228426375
13 -0.847988681994527
14 -0.939606402391182
15 -1.02991691989488
16 -1.14261525091919
17 -1.27955411281011
18 -1.59863546759153
19 -1.99546657426937
1 0.0926419361688534
2 -0.0164605906978827
3 -0.102426021030292
4 -0.184880562723346
5 -0.265760453680123
6 -0.331893825341715
7 -0.408410091788247
8 -0.516032789371545
9 -0.614246492737435
10 -0.67719506517459
11 -0.803328710524393
12 -0.885920308633421
13 -0.974142586963971
14 -1.08030134186483
15 -1.24366814860676
16 -1.39550740505578
17 -1.62818611677411
18 -1.91716592372012
19 -2.39585778506084
1 0.125120934456343
2 -0.0220175094062193
3 -0.116263667923563
4 -0.190622852370884
5 -0.28225646580264
6 -0.391948635685605
7 -0.446722256731922
8 -0.506891029752175
9 -0.566165453530817
10 -0.62720786335624
11 -0.719201685327603
12 -0.827761915459086
13 -0.908140230391923
14 -1.02133118211654
15 -1.10883654123494
16 -1.21112656770962
17 -1.34481011696448
18 -1.70296687048123
19 -2.0443515794706
1 0.169242567795932
2 0.00737779819994605
3 -0.0917098836105185
4 -0.153199132101231
5 -0.247936111552129
6 -0.322447564099764
7 -0.387845055101641
8 -0.456762159027207
9 -0.526649186802081
10 -0.570457958452348
11 -0.6182824617357
12 -0.704779111865383
13 -0.768552007601022
14 -0.891514279520384
15 -0.99518200256567
16 -1.11273979437994
17 -1.30585183625241
18 -1.52913942937124
19 -1.93037640269537
1 0.186221349212953
2 -0.0133701366228822
3 -0.112084057849321
4 -0.180519263082854
5 -0.225577345143667
6 -0.308594622090536
7 -0.371305661362627
8 -0.446240690757478
9 -0.502701833794779
10 -0.600303483658074
11 -0.672200795317483
12 -0.776101450654927
13 -0.869300730007093
14 -1.03743823136899
15 -1.16666602118282
16 -1.29482899860888
17 -1.47009167734577
18 -1.74362608670701
19 -2.13429984417489
1 0.0942264210365874
2 -0.0934146655623153
3 -0.175033631671336
4 -0.238499846982494
5 -0.319990498419451
6 -0.428652071483325
7 -0.484285551098044
8 -0.571105559869006
9 -0.651651416289789
10 -0.737471079299076
11 -0.824032527967693
12 -0.888441259939759
13 -0.991973236306998
14 -1.13794983155619
15 -1.24348242926566
16 -1.38095429899653
17 -1.54231500710282
18 -1.75089094616667
19 -2.11814071269487
1 0.209324324323555
2 0.0782489945707081
3 -0.0204088051776622
4 -0.1028797148191
5 -0.152060523271179
6 -0.210856224440676
7 -0.292166318162752
8 -0.335146974620061
9 -0.405123645137224
10 -0.477593389404984
11 -0.577978295594742
12 -0.659186990511198
13 -0.740737780224042
14 -0.840708017997332
15 -0.93496609099945
16 -1.05883899024781
17 -1.22646121578856
18 -1.44222237814875
19 -1.85385057688729
1 0.182474411142342
2 0.0035675595231881
3 -0.110192162058829
4 -0.192694559435261
5 -0.244901549064297
6 -0.315333209885826
7 -0.34761314710555
8 -0.41854312701792
9 -0.503549363118238
10 -0.586486577711589
11 -0.674364672308749
12 -0.764853300021422
13 -0.83198174781993
14 -0.957757742629712
15 -1.06457153484751
16 -1.25814894966136
17 -1.4257664157969
18 -1.68995052427764
19 -2.00354340006195
1 0.141095147533759
2 0.00393468399144615
3 -0.0880551408771654
4 -0.16695027565784
5 -0.259317105438319
6 -0.334223789541271
7 -0.420275019929739
8 -0.491234665479027
9 -0.576070043762502
10 -0.660416755796366
11 -0.767351924483171
12 -0.833666874346113
13 -0.927329229661732
14 -1.07348709609129
15 -1.22358642116479
16 -1.37160034675844
17 -1.64860241950028
18 -1.95164519694023
19 -2.36690302459095
1 0.130814055384576
2 0.00554558599219231
3 -0.0795358345155695
4 -0.139204496789288
5 -0.179081696062531
6 -0.261435187290294
7 -0.346905013886677
8 -0.392736992358412
9 -0.454112459394869
10 -0.511458562294896
11 -0.600637550106641
12 -0.69101140236984
13 -0.789989191919842
14 -0.882855602651781
15 -0.992390102223037
16 -1.18583256458985
17 -1.36644736473481
18 -1.675982741057
19 -2.1559637147799
1 0.169395425078477
2 -0.0160192566624814
3 -0.0871753814216785
4 -0.157396055361324
5 -0.224468161293822
6 -0.310316239290804
7 -0.391357552805963
8 -0.465303084051682
9 -0.534824130207095
10 -0.597574779634091
11 -0.701156979097939
12 -0.780046443126974
13 -0.876417280649565
14 -0.97260347566839
15 -1.09901172882532
16 -1.25339995955112
17 -1.48639220624128
18 -1.80110524422252
19 -2.13857417053447
1 0.165231243937525
2 -0.0506836325385569
3 -0.093411187869371
4 -0.182278240978703
5 -0.273361655135968
6 -0.399637659847709
7 -0.457400959099572
8 -0.541524314418721
9 -0.603979820012942
10 -0.70609338242631
11 -0.779951170825669
12 -0.919561774362054
13 -1.02238451394146
14 -1.1638492737082
15 -1.3101499117631
16 -1.44222715400771
17 -1.5881486612867
18 -1.808738061442
19 -2.12462144178229
1 0.126825667934336
2 -0.0276724852106456
3 -0.139490187067613
4 -0.209179243197958
5 -0.287965757938117
6 -0.372936492379238
7 -0.4324754558258
8 -0.521537312261717
9 -0.605282843924992
10 -0.665687092943045
11 -0.726561243971207
12 -0.85394358799397
13 -0.946993019420928
14 -1.03570791279515
15 -1.16178723410079
16 -1.32951534982114
17 -1.47233820104411
18 -1.65550899896557
19 -1.96134545573962
1 0.14573205413097
2 -0.0379186242421679
3 -0.150739691359383
4 -0.199404219522833
5 -0.286575536601296
6 -0.328811158188413
7 -0.428123222486241
8 -0.492623680084777
9 -0.545609808960547
10 -0.611664926620786
11 -0.67836968278174
12 -0.756752207099654
13 -0.857775058101909
14 -0.949937180780001
15 -1.05489228011114
16 -1.17295468693273
17 -1.37403434389771
18 -1.59088527333152
19 -2.02241865943662
1 0.0958424548355924
2 -0.0345561227609283
3 -0.148782623074164
4 -0.228859444033703
5 -0.320101567687929
6 -0.400667998449789
7 -0.46583205716317
8 -0.534737869115251
9 -0.611464327361859
10 -0.691988843157368
11 -0.794232549987132
12 -0.875577043572174
13 -0.949746721471115
14 -1.08983198578317
15 -1.27999469520669
16 -1.4154975102211
17 -1.60488097074314
18 -1.8593046711249
19 -2.34218113705694
1 0.139619086525923
2 -0.00219149602667832
3 -0.0920510586103601
4 -0.141245309377702
5 -0.19888097617077
6 -0.264268099954446
7 -0.316747609829413
8 -0.382521603117033
9 -0.430605801944159
10 -0.480233392370745
11 -0.571542642842207
12 -0.631043199269702
13 -0.743124627543881
14 -0.810534284067304
15 -0.894699266777455
16 -1.03725215001994
17 -1.23544151081166
18 -1.4035183355258
19 -1.79266116207805
1 0.150492335099472
2 -0.0488693246700073
3 -0.0989214000223723
4 -0.200804671969883
5 -0.270776906696087
6 -0.334053577227081
7 -0.416473414262998
8 -0.502887626320672
9 -0.557515404137864
10 -0.652224557693793
11 -0.726016734200826
12 -0.826641036286244
13 -0.912303483759662
14 -1.04448277701697
15 -1.16480698416524
16 -1.2964775554383
17 -1.46008412610902
18 -1.71637087739727
19 -2.19797518417418
1 0.130076293507415
2 -0.0731356307033196
3 -0.143461132435339
4 -0.235044787455135
5 -0.327895597292188
6 -0.362659849929652
7 -0.410747250072863
8 -0.456416081891323
9 -0.536229538978672
10 -0.602215136964744
11 -0.659404206927994
12 -0.737610067364007
13 -0.802483415384806
14 -0.878339338013797
15 -0.98086620794202
16 -1.08793064609009
17 -1.28533928518303
18 -1.46847316183345
19 -1.78110570381088
1 0.211812073314128
2 -0.0249949105654672
3 -0.113955189815255
4 -0.189964329877505
5 -0.256046142599103
6 -0.296249791888368
7 -0.388451215323524
8 -0.462344540997621
9 -0.562088992326096
10 -0.65712079580974
11 -0.736102476265026
12 -0.818130597124034
13 -0.904445980274475
14 -1.05158615205529
15 -1.17622125771798
16 -1.34382063228845
17 -1.59042741863789
18 -1.90666873772194
19 -2.34590866417122
1 0.176418936642514
2 -0.0143838769455055
3 -0.0970104065536261
4 -0.180300784551842
5 -0.286121361024987
6 -0.352683279775753
7 -0.411615779313224
8 -0.480722877233805
9 -0.551055624651698
10 -0.643813116508663
11 -0.726003637693347
12 -0.8004679100425
13 -0.907901509288543
14 -1.03260163870029
15 -1.13074403681692
16 -1.25524092906276
17 -1.56775232496846
18 -1.89092592734644
19 -2.2709147999654
1 0.174279501042001
2 0.015607909479141
3 -0.0743337125498279
4 -0.120409215217115
5 -0.186805988384095
6 -0.258778428714727
7 -0.31283453838372
8 -0.385830601890489
9 -0.435238379825904
10 -0.524466852408921
11 -0.604795852601826
12 -0.687652788169816
13 -0.776903412771862
14 -0.85041052053381
15 -0.947881936347844
16 -1.06925358756397
17 -1.23116302346992
18 -1.46783735569925
19 -1.8065833577654
1 0.211813167837096
2 -0.0132301456258417
3 -0.0803456755547764
4 -0.153507003014656
5 -0.245516262832559
6 -0.306859647348471
7 -0.396663531237824
8 -0.460221356700598
9 -0.514230033641104
10 -0.567135829223499
11 -0.620651868219996
12 -0.70946876491375
13 -0.796258103005862
14 -0.944507868967298
15 -1.04942965367759
16 -1.17133171866847
17 -1.33124323326737
18 -1.66932231722137
19 -2.17570996427841
1 0.105310504955529
2 -0.0612437617980828
3 -0.137749916395612
4 -0.209995622650982
5 -0.29658430357105
6 -0.360332596673993
7 -0.456077983141456
8 -0.510493739888959
9 -0.590298557867461
10 -0.674066569151624
11 -0.773968062563623
12 -0.851735354727477
13 -0.92854857995777
14 -1.01969154390036
15 -1.19175009759795
16 -1.32654118242535
17 -1.47247117525838
18 -1.76895527436001
19 -2.25595334342792
1 0.171908176477848
2 -0.00725550242875056
3 -0.0847267554705902
4 -0.138758472174142
5 -0.219232647330631
6 -0.264432922723798
7 -0.330935617952064
8 -0.396012448360562
9 -0.447309337043574
10 -0.533382961830466
11 -0.589382722541391
12 -0.687548772886073
13 -0.766984808514726
14 -0.899653099099681
15 -1.00841718632328
16 -1.13459061127616
17 -1.31237685442141
18 -1.52315473350855
19 -1.82482076991851
1 0.132053801584988
2 0.00141177551664045
3 -0.0899320351110019
4 -0.163972402678407
5 -0.227870394398756
6 -0.300196495418443
7 -0.353881774698878
8 -0.430301005566907
9 -0.491195093559577
10 -0.542616092533928
11 -0.636565789289953
12 -0.733828707015558
13 -0.8251834914539
14 -0.919435056301599
15 -1.02725277694774
16 -1.16664764508053
17 -1.34690574075288
18 -1.81287177207699
19 -2.11410361659745
1 0.172992587301417
2 -0.00729098687169226
3 -0.125997426695361
4 -0.17571477513494
5 -0.266174738613349
6 -0.343667277392468
7 -0.423487287141397
8 -0.503211906582094
9 -0.581015980651816
10 -0.631551921321857
11 -0.685063628461638
12 -0.767899368343825
13 -0.837240090243115
14 -0.960408085856785
15 -1.13770236786154
16 -1.25843490837686
17 -1.41704196059756
18 -1.6630236061391
19 -2.13397297960628
1 0.212574927803538
2 -0.0252951579093398
3 -0.0824413499770844
4 -0.170498085339887
5 -0.222054581139153
6 -0.294117453857787
7 -0.364029061046477
8 -0.42165482746093
9 -0.465277623081764
10 -0.541510195179479
11 -0.625525914436914
12 -0.691383527449149
13 -0.795349985120824
14 -0.886316043145355
15 -0.999716621040199
16 -1.13092988882559
17 -1.29770340453037
18 -1.52892342549741
19 -2.00159624995507
1 0.191760740981857
2 0.0258033622914206
3 -0.083757353282274
4 -0.121367860678861
5 -0.217552279700138
6 -0.266157365979982
7 -0.362428096314891
8 -0.394287718329685
9 -0.458707735562569
10 -0.54293417891187
11 -0.611006773161048
12 -0.726031230476242
13 -0.821568010927434
14 -0.945547508446628
15 -1.13055146239491
16 -1.30206043699078
17 -1.48308277966166
18 -1.70265085532063
19 -2.03503979528335
1 0.137253386736275
2 -0.0883699569563592
3 -0.15098825563836
4 -0.222661194612032
5 -0.297284029778248
6 -0.370590270171828
7 -0.44896998392301
8 -0.505987947415548
9 -0.581254070423515
10 -0.642429948354861
11 -0.719509634714345
12 -0.796230632609945
13 -0.908260582263058
14 -0.997620520784147
15 -1.10113337117121
16 -1.20330222132177
17 -1.33405093968462
18 -1.5188531485503
19 -1.82323569912782
1 0.173284970338817
2 0.00122058105660746
3 -0.0834605895469894
4 -0.128633168952905
5 -0.195833743616125
6 -0.285249626506994
7 -0.357183195246534
8 -0.421718931699086
9 -0.474371363746622
10 -0.541117589347577
11 -0.599070027555718
12 -0.684404327301559
13 -0.772605075911758
14 -0.848653848707457
15 -0.974587804510564
16 -1.07792099809251
17 -1.30776519594227
18 -1.52935533674344
19 -1.97221148550131
1 0.171546599506129
2 -0.0317264591352318
3 -0.0968223109945045
4 -0.175913036072946
5 -0.290310101498191
6 -0.366173917201754
7 -0.40789229375927
8 -0.450592464640503
9 -0.519444205858684
10 -0.586625784362912
11 -0.643614754696293
12 -0.720063517072374
13 -0.78543423634925
14 -0.897443715510727
15 -1.03099053225332
16 -1.15429916407797
17 -1.29422515836773
18 -1.47887834977933
19 -1.78571689664881
1 0.192352962513917
2 0.00817962006940069
3 -0.0590428488197641
4 -0.131136638781765
5 -0.198173719967535
6 -0.294173278320553
7 -0.353850148476502
8 -0.406785354470946
9 -0.470593057414603
10 -0.522583314310899
11 -0.603020595569265
12 -0.667490361632405
13 -0.742571810898248
14 -0.826326937398956
15 -0.949504040565567
16 -1.08473115644457
17 -1.24000795997494
18 -1.48128488367906
19 -1.8176772580888
1 0.171347524561473
2 0.0242886245157779
3 -0.0273694904448527
4 -0.103311724744292
5 -0.180609526798897
6 -0.255108683883673
7 -0.33069160502908
8 -0.399868078546835
9 -0.467833923561669
10 -0.527232977132668
11 -0.584502368879162
12 -0.671136043824427
13 -0.736255101694022
14 -0.807255622934541
15 -0.8915490586304
16 -1.03611337413307
17 -1.18266120079269
18 -1.38732601730233
19 -1.73474757770965
1 0.216331555852495
2 -0.0153544069844709
3 -0.0977562665477093
4 -0.195059497296329
5 -0.289730853793365
6 -0.334482700394259
7 -0.418686417636059
8 -0.506813366083892
9 -0.563546532622046
10 -0.629682211469135
11 -0.689263897977009
12 -0.773972611632359
13 -0.843841846140557
14 -0.93127123745046
15 -1.03860166875608
16 -1.14670700452231
17 -1.28529951936497
18 -1.48020794420532
19 -1.82418025812957
1 0.15903802097039
2 0.0140547689514865
3 -0.0770081530267704
4 -0.147335168000113
5 -0.232490902368666
6 -0.306306380656354
7 -0.358353307893902
8 -0.412501228842634
9 -0.491912761396217
10 -0.582905105512579
11 -0.657921133369901
12 -0.723940854311479
13 -0.79616639362551
14 -0.914674246086756
15 -1.01797767881968
16 -1.17392899106213
17 -1.32749217860257
18 -1.5334360044127
19 -1.87066496101723
1 0.205038569542095
2 0.00295260075739623
3 -0.0466916131610895
4 -0.11379451937722
5 -0.177990346191284
6 -0.2416486673331
7 -0.278510831322797
8 -0.327377870951479
9 -0.390822786833254
10 -0.451231815718742
11 -0.545438546630203
12 -0.612887628333066
13 -0.703524032578799
14 -0.779725264957277
15 -0.870433532997259
16 -0.978429913972804
17 -1.21112230826824
18 -1.42069570032847
19 -1.75170949738111
1 0.152960062292423
2 -0.0351314912726294
3 -0.101593638340628
4 -0.163929610196132
5 -0.24325022580802
6 -0.314938986024548
7 -0.383017914388169
8 -0.468102645828581
9 -0.542756220820729
10 -0.600651765912946
11 -0.675979013880409
12 -0.759781391078645
13 -0.832135389972562
14 -0.916560853309967
15 -1.05960402477763
16 -1.18610751368489
17 -1.36308834265521
18 -1.62154685741816
19 -2.13340395257424
1 0.104346656958654
2 -0.045349845889233
3 -0.101714416535494
4 -0.17523272213836
5 -0.245105852940574
6 -0.311465359122598
7 -0.386483616782619
8 -0.442994660984252
9 -0.494578060781235
10 -0.590588878045768
11 -0.642950529047199
12 -0.730013400117603
13 -0.830424284378611
14 -0.934536289022571
15 -1.02855029711373
16 -1.19232906124083
17 -1.46203565850782
18 -1.72748959748944
19 -2.06146861773901
1 0.11535357314528
2 -0.0502621715444898
3 -0.135150298230084
4 -0.197631052036613
5 -0.286331527610627
6 -0.349548863414482
7 -0.449381670609878
8 -0.504246736309309
9 -0.555897292591639
10 -0.612007464365173
11 -0.689856593109877
12 -0.796561815443757
13 -0.866700172634842
14 -1.02040332308478
15 -1.13966004086729
16 -1.24556247434812
17 -1.41542920426586
18 -1.65895658232528
19 -1.97038567218746
1 0.211969703255122
2 0.0900364087689428
3 -0.0289210574164426
4 -0.0872854694102523
5 -0.16734224356573
6 -0.216382622934339
7 -0.273870050553426
8 -0.340010492301801
9 -0.412930347469442
10 -0.479485010908623
11 -0.568474397437836
12 -0.666600266127146
13 -0.783783072441067
14 -0.867828422482759
15 -0.969601471882889
16 -1.0898563145502
17 -1.33761794329406
18 -1.53471464096109
19 -1.85008644416486
1 0.145081437000364
2 -0.0294457182740861
3 -0.0905325847496532
4 -0.202385727686918
5 -0.288626289153677
6 -0.34550143434905
7 -0.416849171737446
8 -0.49833653179271
9 -0.550531420182885
10 -0.636152961955594
11 -0.690310504429604
12 -0.766691819746125
13 -0.829892062686143
14 -0.930025174970197
15 -1.05294016566266
16 -1.14991361812329
17 -1.26058852076385
18 -1.5220037471533
19 -1.83314093949657
1 0.203352413007095
2 -0.0233089244491832
3 -0.0969561225012474
4 -0.159916210755612
5 -0.225738445596152
6 -0.301380328440184
7 -0.374190713133847
8 -0.438024996796291
9 -0.516201504770816
10 -0.598792978477918
11 -0.691774930815823
12 -0.784814673353556
13 -0.883901432759021
14 -0.968910896074731
15 -1.13229627526065
16 -1.28250783930467
17 -1.47246420669349
18 -1.74139264080454
19 -2.2929652756891
1 0.164492497225493
2 0.0164442218668949
3 -0.063189417504821
4 -0.138741602400175
5 -0.193800798875261
6 -0.260381262104974
7 -0.308040558000142
8 -0.375534670631449
9 -0.454662410497011
10 -0.508453659060509
11 -0.614820718716135
12 -0.704935542674934
13 -0.776187646566091
14 -0.854466119701035
15 -0.948519709470561
16 -1.06129029511074
17 -1.20870915660939
18 -1.40317039839548
19 -1.71176771754944
1 0.170894354305508
2 0.0568744663418828
3 -0.0709689731609151
4 -0.167488654818182
5 -0.262402024014572
6 -0.326176264906395
7 -0.414154471801903
8 -0.472601507327874
9 -0.527412386394943
10 -0.576964585584721
11 -0.632017987389821
12 -0.744127361765305
13 -0.82315071093513
14 -0.904850782423768
15 -1.013373654876
16 -1.12611842767202
17 -1.278330097144
18 -1.49112324080134
19 -1.81152472545828
1 0.174803762639132
2 0.0654257906008527
3 -0.00946069949055315
4 -0.0974769165993678
5 -0.199847420036714
6 -0.317877544620274
7 -0.373989092823395
8 -0.432457802668314
9 -0.496330804127756
10 -0.575062943485576
11 -0.654990132654341
12 -0.727006008760755
13 -0.81302877909908
14 -0.900151652844502
15 -0.996908170508012
16 -1.11684679023225
17 -1.30829206770508
18 -1.51340071663124
19 -1.85973226661923
1 0.227645422858481
2 0.0344370327052998
3 -0.079208305022187
4 -0.160262782329962
5 -0.238634802701887
6 -0.324077635317129
7 -0.388259173841476
8 -0.44719259055226
9 -0.51388744259391
10 -0.565561157523341
11 -0.623244335378436
12 -0.688270794673374
13 -0.795990242601366
14 -0.870830364405705
15 -0.957042580531665
16 -1.0570387304907
17 -1.22986198297116
18 -1.42394285260344
19 -1.75612207838118
1 0.130554786434257
2 -0.0482477041834862
3 -0.126397068033289
4 -0.21769224463222
5 -0.28596118703591
6 -0.364664983559118
7 -0.437811210370418
8 -0.516382561117192
9 -0.57194734396329
10 -0.653023242226233
11 -0.723986491976015
12 -0.802377789558858
13 -0.887367205371784
14 -0.964061677329449
15 -1.05653665051775
16 -1.17372174123877
17 -1.42988282327509
18 -1.66357043709223
19 -2.18282538599907
1 0.180364766626879
2 0.0486019831821014
3 -0.0627958721773797
4 -0.146252393797373
5 -0.2241217492805
6 -0.295314368300926
7 -0.357850974751198
8 -0.447386517450001
9 -0.526195179569732
10 -0.598761490788918
11 -0.6487033850971
12 -0.735832659501664
13 -0.802441913578938
14 -0.894010970076377
15 -0.983648937235735
16 -1.15431361415795
17 -1.3058714747535
18 -1.51506012069672
19 -1.90971890649801
1 0.17661152769972
2 -0.00299054217820522
3 -0.076433347562903
4 -0.122593080304095
5 -0.211756001515831
6 -0.264193812322926
7 -0.338410713263076
8 -0.415947574199133
9 -0.46413769824592
10 -0.54622134835078
11 -0.616083508496963
12 -0.686103057502018
13 -0.760505589804723
14 -0.877505091635109
15 -1.01759677084999
16 -1.13488784910892
17 -1.27959759551799
18 -1.48701803042038
19 -1.85995104272634
1 0.201246443040971
2 -0.0149750555148056
3 -0.10095961183575
4 -0.153267064100647
5 -0.239719608959393
6 -0.304456573548041
7 -0.366434294531955
8 -0.42132964781099
9 -0.51744697897477
10 -0.573229561089855
11 -0.662680708993145
12 -0.758829313080947
13 -0.906055609481492
14 -1.01127109670044
15 -1.10900223097603
16 -1.25118025610367
17 -1.43693019899275
18 -1.62553165002857
19 -1.95413963029389
1 0.159864172403367
2 0.0367177048729971
3 -0.0641744787804027
4 -0.150029721332941
5 -0.228768383272482
6 -0.286998075360265
7 -0.353192389683012
8 -0.406876843712188
9 -0.460027631968006
10 -0.527238900322051
11 -0.599699929577883
12 -0.674481491217668
13 -0.778011623802627
14 -0.897211900281534
15 -0.994475727974305
16 -1.11044894175439
17 -1.24398373212197
18 -1.42800093423559
19 -1.75297515896423
1 0.152042954909409
2 0.0157796750141635
3 -0.0760016503234753
4 -0.159274583810436
5 -0.224576504077447
6 -0.315255221401245
7 -0.351088112812372
8 -0.432764149731163
9 -0.480621184047005
10 -0.558629120393809
11 -0.616795529576488
12 -0.700006700487621
13 -0.776538417148126
14 -0.891021264028662
15 -1.02493409642638
16 -1.14344572059186
17 -1.2861132257183
18 -1.4771165743635
19 -1.7906982384679
1 0.177118852350071
2 -0.000286975347852241
3 -0.0879961122229388
4 -0.13001119306871
5 -0.204856907225008
6 -0.29891625657314
7 -0.3728862356222
8 -0.423540205557227
9 -0.51345913830564
10 -0.561948511385786
11 -0.639543035352232
12 -0.715130328806965
13 -0.787487724779701
14 -0.872203555227172
15 -0.966029971284023
16 -1.08400051549627
17 -1.23009303003336
18 -1.42469911926439
19 -1.78518179439608
1 0.215972569186517
2 0.0320379501129336
3 -0.0610877655284351
4 -0.141169020041452
5 -0.220210746345914
6 -0.27263377935781
7 -0.326388873149629
8 -0.410961881606136
9 -0.485004163339125
10 -0.563606584487582
11 -0.616876762120687
12 -0.668930675486053
13 -0.739051519605905
14 -0.875140906588551
15 -0.972449915686533
16 -1.09454357689178
17 -1.26990440851646
18 -1.52167533182495
19 -1.93695718549754
1 0.142567406432717
2 0.0211182357960839
3 -0.0392619872309322
4 -0.132884636044823
5 -0.203533765719674
6 -0.255289118943499
7 -0.330840763858629
8 -0.405864553685502
9 -0.456501494278317
10 -0.547229043923911
11 -0.607428110732644
12 -0.67449661565707
13 -0.75021141294345
14 -0.840863957071296
15 -0.948250175640517
16 -1.1241978626122
17 -1.24858424212615
18 -1.50313870542082
19 -1.81137200118846
1 0.127614081983142
2 0.018060029128454
3 -0.06175949175411
4 -0.148351520505709
5 -0.223945358736411
6 -0.276551168556792
7 -0.344334442661373
8 -0.40159437430816
9 -0.469889264496483
10 -0.545437671169797
11 -0.627095291226189
12 -0.76086270300403
13 -0.886906290567822
14 -0.989919363303101
15 -1.10885681456811
16 -1.2508780359089
17 -1.42214007053545
18 -1.62895088529263
19 -2.00806413318761
1 0.182042240616762
2 -0.0262602414491341
3 -0.132627436838516
4 -0.221762181675765
5 -0.29895427769298
6 -0.35371751871891
7 -0.433540925765176
8 -0.509382951826877
9 -0.555552881564858
10 -0.605806785666603
11 -0.668070937354306
12 -0.728888243938262
13 -0.803176472940402
14 -0.898063670183949
15 -0.991659944951276
16 -1.18887975199278
17 -1.35864519814956
18 -1.56889309869462
19 -1.90017818529289
