2 -0.184849159352228
3 -0.171449051511689
4 -0.270115475635459
5 -0.544115659852395
6 -0.473757223297404
7 -0.460018461559071
8 -0.429142750914922
9 -0.448034601949099
10 -0.35493811379947
11 -0.461245408865135
12 -0.465495508449827
13 -0.510411126213594
14 -0.433089255087921
15 -0.490947663324993
16 -0.429124778410192
17 -0.532526612752409
18 -0.401504607900206
19 -0.501856762159506
20 -0.522400123067376
21 -0.576756465718288
22 -0.502515101589977
23 -0.499716144948942
24 -0.434942823352757
25 -0.441965568244796
26 -0.55594520764483
27 -0.470808541863308
28 -0.610878318201426
29 -0.593728937890306
30 -0.54659896774701
31 -0.653080067142163
32 -0.557588622261491
33 -0.537873203290037
34 -0.577509878320196
35 -0.529709945602075
36 -0.557924611228907
37 -0.560138216789755
38 -0.52977702689434
39 -0.513647950526211
40 -0.590973408996393
41 -0.610910761766982
42 -0.615501868593182
43 -0.491584065902474
44 -0.607908707425159
45 -0.565665030508171
46 -0.561176362281495
47 -0.559485366789632
48 -0.590950995749082
49 -0.573070471659266
50 -0.582543031381235
51 -0.616863175043215
52 -0.590286644046086
53 -0.558128290512433
54 -0.601743872752287
55 -0.555911858792058
56 -0.572479229528812
57 -0.589865196001205
58 -0.589157378473082
59 -0.623705246746404
60 -0.596435731625327
61 -0.61188423260118
62 -0.567091816155946
63 -0.643003981350191
64 -0.623679942463303
65 -0.597495241020135
66 -0.584344170535488
67 -0.588267907094502
68 -0.596176095607818
69 -0.616160590451896
70 -0.626228787743883
71 -0.613382743480974
72 -0.617098718058442
73 -0.548068850745454
74 -0.598244098112844
75 -0.610521723571058
76 -0.608781003066795
77 -0.599484803271112
78 -0.592306303635653
79 -0.584522918989867
80 -0.590321148355772
81 -0.582035708840734
82 -0.616789166321231
83 -0.609435755246616
84 -0.575241966067225
85 -0.666302169913269
86 -0.640083840412973
87 -0.563753642554527
88 -0.673987053289204
89 -0.632297221556159
90 -0.590455511227039
91 -0.579440873013045
92 -0.659954723424158
93 -0.619830833769743
94 -0.618330321286574
95 -0.63475272699511
96 -0.645083477667487
97 -0.634370862780579
98 -0.623363850364433
99 -0.644226562298167
100 -0.654195394594746
101 -0.5866342558279
102 -0.580376569847464
103 -0.618398815210828
104 -0.616871946094782
105 -0.615997756485016
106 -0.617624140124081
107 -0.585515975927665
108 -0.627809178015244
109 -0.638380784779872
110 -0.641512672126756
111 -0.649109917368676
112 -0.662563708608198
113 -0.656653394851319
114 -0.636064701064979
115 -0.64200434628994
116 -0.619486600087344
117 -0.64595924033414
118 -0.640715663463117
119 -0.612697098550363
120 -0.613221021150844
121 -0.620580492077043
122 -0.605502912257472
123 -0.633223805974443
124 -0.620373633728297
125 -0.617939837970129
126 -0.616755541761951
127 -0.630490112302386
128 -0.630293721228271
129 -0.593581731716788
130 -0.60298092495526
131 -0.582618107421823
132 -0.585468247795627
133 -0.5696145312209
134 -0.615262879492737
135 -0.60211316368999
136 -0.619837158315372
137 -0.561835787411867
138 -0.61300285191137
139 -0.642470378753146
140 -0.626243190325229
141 -0.578727880682684
142 -0.61507864670739
143 -0.614078725522978
144 -0.622829494418426
145 -0.602646619665058
146 -0.575095075668795
147 -0.607766619112046
148 -0.58624486518667
149 -0.608993307097731
150 -0.579399191828528
151 -0.59360962709934
152 -0.576356434813025
153 -0.583174615763981
154 -0.58717136461111
155 -0.599629408579855
156 -0.589685769356681
157 -0.606971890231438
158 -0.577220485229005
159 -0.597931901983243
160 -0.606841472557007
161 -0.608257648611928
162 -0.637713042506739
163 -0.601731382177476
164 -0.623256194306927
165 -0.582489597193275
166 -0.601613968059857
167 -0.599255118796351
168 -0.626248621296515
169 -0.629887369012543
170 -0.631697171175081
171 -0.630115350979173
172 -0.632422518749645
173 -0.614361393723428
174 -0.626810990594912
175 -0.612641146608411
176 -0.622031023127484
177 -0.613201435752862
178 -0.617460837271538
179 -0.617822099574406
180 -0.630982584698211
181 -0.613829698247761
182 -0.637073494473748
183 -0.630699941791309
184 -0.616375169557357
185 -0.628483102063277
186 -0.615257537751697
187 -0.613086579022991
188 -0.625205593806206
189 -0.631593616122784
190 -0.615915862331019
191 -0.614274027041668
192 -0.60992966903514
193 -0.611399999227049
194 -0.618753318544302
195 -0.615862092632862
196 -0.614309503894995
197 -0.615767096725072
198 -0.615542213334338
199 -0.618453307718786
200 -0.62066210068048
201 -0.623023370817154
202 -0.624922491215182
203 -0.630262295059839
204 -0.639524356534799
205 -0.634475412073916
206 -0.629056689296869
207 -0.631004455816728
208 -0.633706402101259
209 -0.638975582510091
210 -0.640116800785192
211 -0.6400329250396
212 -0.642155355842133
213 -0.644628303634015
214 -0.650915270821922
215 -0.652086388707632
216 -0.646050417141077
217 -0.636733786119853
218 -0.640276144762688
219 -0.639085761392374
220 -0.639776126632539
221 -0.64217415951213
222 -0.645175254674042
223 -0.645349015098514
224 -0.648687759953803
225 -0.644769743495618
226 -0.649555745233122
227 -0.652739850522058
228 -0.651722003150648
229 -0.656337186715483
230 -0.658214190177594
231 -0.657617652052365
232 -0.658761152889304
233 -0.656787031391868
234 -0.659612777855048
235 -0.666181004420334
236 -0.662266817292861
237 -0.666164375183606
238 -0.667612773469937
239 -0.666970081791079
240 -0.664637377254444
241 -0.665974223398489
242 -0.665267095315479
243 -0.664749819569097
244 -0.664503403670664
245 -0.668329922378478
246 -0.670396976597264
247 -0.671341682153055
248 -0.673710853098825
249 -0.677686612064274
250 -0.680234321995946
251 -0.678110919856777
252 -0.680280294951816
253 -0.682308090666637
254 -0.684932908532943
255 -0.687030767875888
256 -0.686251885519642
257 -0.684982189884316
258 -0.687824181833142
259 -0.691506153893383
260 -0.696612638091412
261 -0.707709503028832
262 -0.714981044468718
263 -0.71657791356906
264 -0.720017896157831
265 -0.726680626857312
266 -0.724352824721517
267 -0.727651418066632
268 -0.728346103699501
269 -0.727687982539087
270 -0.727972944836938
271 -0.732576785083506
272 -0.735647718353342
273 -0.739193227619003
274 -0.740705445767396
275 -0.740622102972821
276 -0.744822495553583
277 -0.742216775250671
278 -0.740377167046982
279 -0.741201704258895
280 -0.739625103978643
281 -0.744443385174734
282 -0.750167797607277
283 -0.751743916456678
284 -0.754703734327558
285 -0.758238983477926
286 -0.756329098185487
287 -0.764562457345575
288 -0.768610612007384
289 -0.771953483171434
290 -0.76557291527218
291 -0.764562277090202
292 -0.766804630463701
293 -0.76573167190935
294 -0.76696640703571
295 -0.770126828242334
296 -0.772709803737078
297 -0.775693353291392
298 -0.783056721039594
299 -0.789030655867875
300 -0.787987598214253
301 -0.79341451450557
302 -0.798025206073435
303 -0.805468873136524
304 -0.808112885647395
305 -0.807216523196714
306 -0.803889443619284
307 -0.803945428630303
308 -0.804007945601886
309 -0.802073888760772
310 -0.801254710364597
311 -0.805940568412968
312 -0.812559619975376
313 -0.816715938030909
314 -0.814568422355411
315 -0.820061858901431
316 -0.815052808389295
317 -0.817411980646781
318 -0.82432030923839
319 -0.820689117154392
320 -0.82660325800217
321 -0.82122366192188
322 -0.825666647402842
323 -0.834311301118615
324 -0.834303504137929
325 -0.837830664153667
326 -0.830222177758995
327 -0.834786327840633
328 -0.834176025595811
329 -0.843479876740744
330 -0.844674950611347
331 -0.855138942365737
332 -0.85742931863295
333 -0.870405190117541
334 -0.871723142401415
335 -0.877827172117769
336 -0.880948642760856
337 -0.883389751866411
338 -0.889465841021291
339 -0.895579786110952
340 -0.900451661146252
341 -0.905501786167711
342 -0.907456384676541
343 -0.913983613806803
344 -0.9195864301349
345 -0.926296981354369
346 -0.934623188070549
347 -0.938572872815938
348 -0.945658172151046
349 -0.944686401181018
350 -0.930052911128229
351 -0.928407297517657
352 -0.935249975062115
353 -0.95191462881762
354 -0.958532283403969
355 -0.953982187247964
356 -0.964898787770495
357 -0.972751494349021
358 -0.977440906950833
359 -0.981636485076749
360 -0.982798105334495
361 -0.987892492233896
362 -0.9947250689848
363 -0.997605903308604
364 -0.992920410772035
365 -0.998332165468073
366 -1.00113730648097
367 -1.00142596588638
368 -1.00417484654686
369 -1.01346984338254
370 -1.02905755517293
371 -1.02830084732233
372 -1.03350261240808
373 -1.04119141769093
374 -1.05295906476652
375 -1.07082717707694
376 -1.07823118671679
377 -1.07433315697876
378 -1.07436716227817
379 -1.08921430232034
380 -1.08465405792511
381 -1.08260620400599
382 -1.07104883047266
383 -1.09013812345053
384 -1.10676193200554
385 -1.10167695610847
386 -1.10298407806282
387 -1.09643593000841
388 -1.09157441881821
389 -1.08909075768627
390 -1.10296937366362
391 -1.09646229550874
392 -1.10452314090756
393 -1.10815815312773
394 -1.11768743135985
395 -1.11833050375078
396 -1.12545615794748
397 -1.1360780551955
398 -1.14450203185794
399 -1.15522393062496
400 -1.16597803263519
401 -1.17910165671736
402 -1.19479234722961
403 -1.20056918988312
404 -1.19193362842342
405 -1.19837388032302
406 -1.20985883785893
407 -1.20804276911552
408 -1.22388255844678
409 -1.233559954933
410 -1.24558025938623
411 -1.25122230115981
412 -1.26356989373629
413 -1.26401637772787
414 -1.28416541516621
415 -1.30364645006535
416 -1.32717828252998
417 -1.34689635184219
418 -1.36487526215397
419 -1.38040177204846
420 -1.41408684801561
421 -1.43686739701145
422 -1.45194994370972
423 -1.48507429103102
424 -1.51682132911072
425 -1.55529602411311
426 -1.63447727016073
427 -1.73138728316879
428 -1.85632601977709
429 -2.03241727883277
430 -2.33344727449675
