2002.fasta NA NA NA NA NA NA NA NA NA NA NA NA NA NA NA NA NA
2003.fasta 0.062807933643865 NA NA NA NA NA NA NA NA NA NA NA NA NA NA NA NA
2008.fasta 0.0688990029025428 0.056254462996228 NA NA NA NA NA NA NA NA NA NA NA NA NA NA NA
201.fasta 0.14806530517688 0.153573852784213 0.192281236721714 NA NA NA NA NA NA NA NA NA NA NA NA NA NA
2021.fasta 0.13337792944235 0.107937727162207 0.150569725070699 0.204545942453545 NA NA NA NA NA NA NA NA NA NA NA NA NA
2025.fasta 0.0615690139017705 0.0664508975303749 0.0632251280127484 0.143663990117255 0.119956224567757 NA NA NA NA NA NA NA NA NA NA NA NA
2028.fasta 0.0889131054258261 0.0742368671534686 0.0926392090406499 0.141885057833954 0.0922557732767048 0.057352732597537 NA NA NA NA NA NA NA NA NA NA NA
2038.fasta 0.0831933502408239 0.056759504003299 0.075487250055837 0.16820682777822 0.110672206727707 0.0583010069498422 0.0707730313531532 NA NA NA NA NA NA NA NA NA NA
2040.fasta 0.098220700305452 0.075717240659122 0.0705610750201421 0.22224918254079 0.158423352894459 0.067569829961546 0.0957891055930716 0.0570731262507219 NA NA NA NA NA NA NA NA NA
2043.fasta 0.0714917451945975 0.0668864061903724 0.0667426739619825 0.218268678496261 0.131569636745631 0.0595048533754872 0.0907357292338155 0.0570571176135454 0.0639454148721035 NA NA NA NA NA NA NA NA
2045.fasta 0.044848431654827 0.0604888985697785 0.0651853985632926 0.180051043640489 0.12658212305622 0.0523196273402111 0.0752178214804996 0.066249623958607 0.0882060666281818 0.0618519091625058 NA NA NA NA NA NA NA
2058.fasta 0.0741195512748286 0.096160083947207 0.094599019633819 0.119318578219489 0.14213303767927 0.0717520882079644 0.0975779865964143 0.101485742274741 0.117318520732149 0.0992228606952866 0.090453675435707 NA NA NA NA NA NA
2065.fasta 0.0635799107442327 0.0523719658056198 0.0544356298869658 0.152505866837203 0.124964140395187 0.0400125843517435 0.0714707463421934 0.0536645569315873 0.0589439994157269 0.0514306707899571 0.0516203684323185 0.0865843617909971 NA NA NA NA NA
2072.fasta 0.0712647131808375 0.0701729750173863 0.0613045438703064 0.146061111717035 0.133939580843555 0.0405491512641452 0.0805171005835288 0.0676254870684241 0.0729319878487071 0.0668645945705572 0.0680574544048433 0.0642970660226044 0.0452918726375542 NA NA NA NA
2077.fasta 0.13308444490677 0.109184591003884 0.131253030606917 0.287875394539762 0.190375938502729 0.119438702443378 0.14734995324627 0.111820668621884 0.122695199322956 0.107060958938796 0.131874237918738 0.162457742480163 0.118756223847325 0.1354440139936 NA NA NA
2081.fasta 0.0747367042297048 0.0678372500372801 0.0904155926825511 0.163776804472054 0.124564948508805 0.069493641134979 0.0929119228064406 0.0806609611872783 0.101618968021294 0.0701369915545951 0.0755193181206402 0.0896843669406143 0.0614336719633223 0.063660685317683 0.134606179171757 NA NA
2089.fasta 0.11877002678182 0.114155150080414 0.128014094794631 0.100678086095857 0.140555996246876 0.0988749716944231 0.101091287423892 0.118831625795512 0.151905402406394 0.137257252056052 0.127772410710091 0.0902410289423382 0.106566122883476 0.100057261438258 0.195038378520649 0.125461794499501 NA
2092.fasta 0.0952712337003749 0.0800109094778733 0.0963516799057163 0.149978860490628 0.100158625359529 0.0601938535609788 0.0423914307716486 0.0548058591362561 0.0844489510116342 0.0925763524374212 0.0822356881163871 0.103993988841514 0.075406885803267 0.0819976234047999 0.144601205592884 0.101890761890055 0.107159902044725
