2002.fasta NA NA NA NA NA NA NA NA NA NA NA NA NA NA NA NA NA
2003.fasta 1.46484087431882 NA NA NA NA NA NA NA NA NA NA NA NA NA NA NA NA
2008.fasta 1.19247862941732 1.94075859789387 NA NA NA NA NA NA NA NA NA NA NA NA NA NA NA
201.fasta 1.51311855408886 2.13742086957916 1.10068971392447 NA NA NA NA NA NA NA NA NA NA NA NA NA NA
2021.fasta NA NA NA NA NA NA NA NA NA NA NA NA NA NA NA NA NA
2025.fasta NA NA NA NA NA NA NA NA NA NA NA NA NA NA NA NA NA
2028.fasta 2.01422972043931 3.2597525324607 1.59538253148669 0.984318164565575 2.02044427091323 1.46978709486083 NA NA NA NA NA NA NA NA NA NA NA
2038.fasta 1.49058633917491 2.5289902394892 1.21679699851526 0.614381726552788 1.36041270684142 1.08177493630301 1.22596008871256 NA NA NA NA NA NA NA NA NA NA
2040.fasta 1.8833899794204 3.10035156298908 1.58793650861821 0.757586594850889 1.58983208042229 1.36321278824564 0.952395963800455 0.758747603482109 NA NA NA NA NA NA NA NA NA
2043.fasta 1.43977098337666 0.847750913193901 1.89152691606614 1.85864803737124 1.19001481984935 2.19341885521699 3.15316834727376 2.53077554523138 3.20484268165059 NA NA NA NA NA NA NA NA
2045.fasta 1.12138219850821 1.29035727485844 1.40017084541829 1.64212190631484 0.683275542573255 1.63919111636891 2.44309636090181 1.83162352302347 2.26063031743749 1.2841961992652 NA NA NA NA NA NA NA
2058.fasta 1.24730858469027 1.7760230709894 0.9483174853384 0.630500266630587 1.02188944541516 1.00422402921826 1.47067419377308 1.04849840400253 1.34535277218076 1.83425124296018 1.40490712623854 NA NA NA NA NA NA
2065.fasta 0.970165957051585 1.58062164740562 0.781269054014796 0.412321715415774 0.793142157024803 1.37351621452005 2.01148042504111 1.54220687680571 1.95169376590805 1.57373194355605 1.15820319451449 0.67994086225203 NA NA NA NA NA
2072.fasta 1.14077491247891 1.78562668179211 0.922357982687695 0.524488885918106 0.940201595483674 1.1586111475587 1.67093667981439 1.26434141960874 1.61413068870007 1.81911665570188 1.34172602823601 0.860496668410561 1.14635244067623 NA NA NA NA
2077.fasta 0.808745446988035 0.461005285462527 1.13377853466164 0.949611133608127 0.602127346535745 1.29247882510462 1.77774252741538 1.49626214463463 2.015469721194 1.07033004852111 0.739260217869961 0.997389663815908 0.901821155782508 1.02206325388379 NA NA NA
2081.fasta 2.98705292063462 1.75947786469446 3.71547553825352 4.51367682364918 2.4737017642134 4.49848234876488 6.49259335514665 4.92160796468906 6.0731443774238 1.90233225122438 2.61011175294574 3.92165275519704 3.24781096440211 3.86282651984083 1.85507798999883 NA NA
2089.fasta 0.64150482684945 1.55308537125155 0.834913990434567 1.37871392892954 0.986452297590051 1.01313073178805 1.58110737698563 1.06790692294102 1.3262456768276 1.52053951017538 1.19452924690668 0.971001969677034 0.692744350283849 0.856811049957052 0.810076879029823 3.22532167792102 NA
2092.fasta 1.66018512942675 2.67870756528478 1.32712258126304 0.809570299115791 1.65978210490602 1.22496670472418 1.16420166187914 1.06479349819129 0.820280025626703 2.63393035335105 2.01679265697243 1.21321787142646 1.67082562984245 1.39691943878041 1.53423940829123 5.26872011742607 1.30673639203471
2002.fasta NA NA NA NA NA NA NA NA NA NA NA NA NA NA NA NA NA
2003.fasta 1.46484087431882 NA NA NA NA NA NA NA NA NA NA NA NA NA NA NA NA
2008.fasta 1.19247862941732 1.94075859789387 NA NA NA NA NA NA NA NA NA NA NA NA NA NA NA
201.fasta 1.51311855408886 2.13742086957916 1.10068971392447 NA NA NA NA NA NA NA NA NA NA NA NA NA NA
2021.fasta NA NA NA NA NA NA NA NA NA NA NA NA NA NA NA NA NA
2025.fasta NA NA NA NA NA NA NA NA NA NA NA NA NA NA NA NA NA
2028.fasta 2.01422972043931 3.2597525324607 1.59538253148669 0.984318164565575 2.02044427091323 1.46978709486083 NA NA NA NA NA NA NA NA NA NA NA
2038.fasta 1.49058633917491 2.5289902394892 1.21679699851526 0.614381726552788 1.36041270684142 1.08177493630301 1.22596008871256 NA NA NA NA NA NA NA NA NA NA
2040.fasta 1.8833899794204 3.10035156298908 1.58793650861821 0.757586594850889 1.58983208042229 1.36321278824564 0.952395963800455 0.758747603482109 NA NA NA NA NA NA NA NA NA
2043.fasta 1.43977098337666 0.847750913193901 1.89152691606614 1.85864803737124 1.19001481984935 2.19341885521699 3.15316834727376 2.53077554523138 3.20484268165059 NA NA NA NA NA NA NA NA
2045.fasta 1.12138219850821 1.29035727485844 1.40017084541829 1.64212190631484 0.683275542573255 1.63919111636891 2.44309636090181 1.83162352302347 2.26063031743749 1.2841961992652 NA NA NA NA NA NA NA
2058.fasta 1.24730858469027 1.7760230709894 0.9483174853384 0.630500266630587 1.02188944541516 1.00422402921826 1.47067419377308 1.04849840400253 1.34535277218076 1.83425124296018 1.40490712623854 NA NA NA NA NA NA
2065.fasta 0.970165957051585 1.58062164740562 0.781269054014796 0.412321715415774 0.793142157024803 1.37351621452005 2.01148042504111 1.54220687680571 1.95169376590805 1.57373194355605 1.15820319451449 0.67994086225203 NA NA NA NA NA
2072.fasta 1.14077491247891 1.78562668179211 0.922357982687695 0.524488885918106 0.940201595483674 1.1586111475587 1.67093667981439 1.26434141960874 1.61413068870007 1.81911665570188 1.34172602823601 0.860496668410561 1.14635244067623 NA NA NA NA
2077.fasta 0.808745446988035 0.461005285462527 1.13377853466164 0.949611133608127 0.602127346535745 1.29247882510462 1.77774252741538 1.49626214463463 2.015469721194 1.07033004852111 0.739260217869961 0.997389663815908 0.901821155782508 1.02206325388379 NA NA NA
2081.fasta 2.98705292063462 1.75947786469446 3.71547553825352 4.51367682364918 2.4737017642134 4.49848234876488 6.49259335514665 4.92160796468906 6.0731443774238 1.90233225122438 2.61011175294574 3.92165275519704 3.24781096440211 3.86282651984083 1.85507798999883 NA NA
2089.fasta 0.64150482684945 1.55308537125155 0.834913990434567 1.37871392892954 0.986452297590051 1.01313073178805 1.58110737698563 1.06790692294102 1.3262456768276 1.52053951017538 1.19452924690668 0.971001969677034 0.692744350283849 0.856811049957052 0.810076879029823 3.22532167792102 NA
2092.fasta 1.66018512942675 2.67870756528478 1.32712258126304 0.809570299115791 1.65978210490602 1.22496670472418 1.16420166187914 1.06479349819129 0.820280025626703 2.63393035335105 2.01679265697243 1.21321787142646 1.67082562984245 1.39691943878041 1.53423940829123 5.26872011742607 1.30673639203471
2002.fasta NA NA NA NA NA NA NA NA NA NA NA NA NA NA NA NA NA
2003.fasta 1.46484087431882 NA NA NA NA NA NA NA NA NA NA NA NA NA NA NA NA
2008.fasta 1.19247862941732 1.94075859789387 NA NA NA NA NA NA NA NA NA NA NA NA NA NA NA
201.fasta 1.51311855408886 2.13742086957916 1.10068971392447 NA NA NA NA NA NA NA NA NA NA NA NA NA NA
2021.fasta NA NA NA NA NA NA NA NA NA NA NA NA NA NA NA NA NA NA NA NA NA NA NA NA NA NA NA NA NA NA
2025.fasta NA NA NA NA NA NA NA NA NA NA NA NA NA NA NA NA NA NA NA NA NA NA NA NA NA NA NA NA NA
2028.fasta 2.01422972043931 3.2597525324607 1.59538253148669 0.984318164565575 2.02044427091323 1.46978709486083 NA NA NA NA NA NA NA NA NA NA NA
2038.fasta 1.49058633917491 2.5289902394892 1.21679699851526 0.614381726552788 1.36041270684142 1.08177493630301 1.22596008871256 NA NA NA NA NA NA NA NA NA NA
2040.fasta 1.8833899794204 3.10035156298908 1.58793650861821 0.757586594850889 1.58983208042229 1.36321278824564 0.952395963800455 0.758747603482109 NA NA NA NA NA NA NA NA NA
2043.fasta 1.43977098337666 0.847750913193901 1.89152691606614 1.85864803737124 1.19001481984935 2.19341885521699 3.15316834727376 2.53077554523138 3.20484268165059 NA NA NA NA NA NA NA NA
2045.fasta 1.12138219850821 1.29035727485844 1.40017084541829 1.64212190631484 0.683275542573255 1.63919111636891 2.44309636090181 1.83162352302347 2.26063031743749 1.2841961992652 NA NA NA NA NA NA NA
2058.fasta 1.24730858469027 1.7760230709894 0.9483174853384 0.630500266630587 1.02188944541516 1.00422402921826 1.47067419377308 1.04849840400253 1.34535277218076 1.83425124296018 1.40490712623854 NA NA NA NA NA NA
2065.fasta 0.970165957051585 1.58062164740562 0.781269054014796 0.412321715415774 0.793142157024803 1.37351621452005 2.01148042504111 1.54220687680571 1.95169376590805 1.57373194355605 1.15820319451449 0.67994086225203 NA NA NA NA NA
2072.fasta 1.14077491247891 1.78562668179211 0.922357982687695 0.524488885918106 0.940201595483674 1.1586111475587 1.67093667981439 1.26434141960874 1.61413068870007 1.81911665570188 1.34172602823601 0.860496668410561 1.14635244067623 NA NA NA NA
2077.fasta 0.808745446988035 0.461005285462527 1.13377853466164 0.949611133608127 0.602127346535745 1.29247882510462 1.77774252741538 1.49626214463463 2.015469721194 1.07033004852111 0.739260217869961 0.997389663815908 0.901821155782508 1.02206325388379 NA NA NA
2081.fasta 2.98705292063462 1.75947786469446 3.71547553825352 4.51367682364918 2.4737017642134 4.49848234876488 6.49259335514665 4.92160796468906 6.0731443774238 1.90233225122438 2.61011175294574 3.92165275519704 3.24781096440211 3.86282651984083 1.85507798999883 NA NA
2089.fasta 0.64150482684945 1.55308537125155 0.834913990434567 1.37871392892954 0.986452297590051 1.01313073178805 1.58110737698563 1.06790692294102 1.3262456768276 1.52053951017538 1.19452924690668 0.971001969677034 0.692744350283849 0.856811049957052 0.810076879029823 3.22532167792102 NA
2092.fasta 1.66018512942675 2.67870756528478 1.32712258126304 0.809570299115791 1.65978210490602 1.22496670472418 1.16420166187914 1.06479349819129 0.820280025626703 2.63393035335105 2.01679265697243 1.21321787142646 1.67082562984245 1.39691943878041 1.53423940829123 5.26872011742607 1.30673639203471
