"V1" "V2" "V3" "V4" "V5" "V6" "V7" "V8" "V9" "V10" "V11" "V12" "V13" "V14" "V15" "V16" "V17" "V18" "V19"
"1" -0.000100063193521779 0.0054858118960091 -0.0028786106673218 -0.0154805317017533 -0.000601060251732897 -0.0102282207013001 -0.01023658425269 -0.0101645771728148 0.00679136916522934 -0.0204832645324676 -0.0137352245063147 -0.0272331633261991 -0.00827008036202024 -0.00914424882095667 -0.00986721896312785 -0.0212297845346456 -0.0276329792494056 -0.00812949240873029 -0.01162881509107
"2" 0.0129179063683221 -0.000741011357159291 -0.0106738850318485 0.000455004021543477 -0.00773238053497574 -0.0087886470628842 -0.020434787948922 -0.016277180456377 -0.00952389548606508 -0.0170887120731062 -0.00424358749120127 -0.0206612240070633 -0.00857245370435661 -0.00424482612525366 -0.0259925489503487 -0.0174358060382626 -0.0230103859283979 -0.00588860585937727 -0.0167661732862361
"3" 0.00223321523935719 -0.0037660753099455 -0.00670903405813194 -0.00721171046694547 -0.00303640834742105 -0.00261883185957566 -0.0228477535129257 -0.0137877976752279 -0.00830120195266984 -0.00538168347136602 -0.00276818400986392 -0.0183053203533238 -0.00250730111356514 0.0053051576502355 -0.00436099675270389 -0.0147689404085153 -0.00370915732343733 -0.0091465551141337 0.012628530375912
"4" 0.00539290072220029 0.00680376367379222 -0.00586376607539504 -0.000767096105917247 -4.21171536066876e-05 -0.0161824661061891 -0.00919746245175179 -0.00889725799049455 0.00432182470820768 -0.0173861546176324 -0.00807812846889956 -0.0143242742943099 0.0116209889866144 0.00317840083484897 -0.0080366748679967 -0.0229613147957273 -0.0160571245231214 -0.00616625742306507 -0.00760916233537152
"5" 0.0117467964211848 -0.00154420030438604 -0.0170960950616916 -0.000386346332390338 -0.00132089674565998 -0.0104406343496178 -0.0114632244908244 -0.0100733444216823 -0.00473732547139285 -0.0125406780503276 -0.00650418615162998 -0.0134397150181668 -0.0121694619535299 -0.00806030054993884 -0.0258461424646911 -0.0298983256141994 -0.0184526291674952 -0.0183631976039144 -0.0157419252241203
"6" 0.0102609830914269 0.00135493937875423 -0.000392433482781947 -0.00189274634255555 0.00145557690995635 -0.0172811682109965 -0.0164514483503611 -0.0128579391997194 -0.00152053946772437 -0.00942153424739527 0.00252958562504789 -0.0190751137745344 -0.00788439490403322 -0.00313504678619339 -0.00492112442811819 -0.0240453332989 -0.0242619995558464 -0.0125991698940817 -0.0092265888168535
"7" 0.00135043726807237 -0.0100346090091928 -0.00711336005486495 -0.00926783253978833 -0.0151667030929552 -0.0109337249418266 -0.00908460090549297 -0.0160403834222462 -0.00291831147202323 -0.00134428058228318 -0.00996202028213175 -0.0328486931886858 -0.015783723046337 -0.0139257297035755 -0.0238940943718168 -0.0184387985478307 -0.0179926337190735 -0.0326959863606278 -0.0305936632273252
"8" -0.00390451009741043 -0.0100531255391134 -0.02382248685034 -0.0195430193976099 -0.0155849818991008 -0.0175289629949575 -0.018995417891539 -0.0171828632393846 0.00257612433507635 -0.0107769240462301 -0.0163903297461382 -0.0277473447311619 -0.026113853625527 -0.0171369794345299 -0.0287353535949499 -0.0319796844796951 -0.0314139166422997 -0.0269100552848489 -0.024140611213472
"9" -0.000254695074407969 -0.0094538733991088 -0.016793644301505 -0.000728884749504726 -0.00680046127016726 -0.018925472152247 -0.0212634687782895 -0.0129591720423554 -0.00054693371464264 -0.00779475301783897 -0.0043060253246447 -0.0157817529123763 -0.0090066874286472 -0.0135004702599345 -0.0244653806818316 -0.0207256030069032 -0.0153659597638465 -0.0157674844246752 -0.0143551059542596
"10" -0.000650714694957151 0.00115268913972648 -0.0109049208668723 -0.00239531070554653 -0.00804797652005705 -0.00642131569512795 -0.0231835023685852 -0.0183207363501355 0.000657540718075353 -0.0086270924151203 -0.00204754125312913 -0.0206288724981969 -0.00587982100195362 -0.00375794977211414 -0.0181882423200658 -0.026680580946425 -0.0243751720255504 -0.0164728924512425 -0.0202257972765241
"11" 0.00178903589311234 0.00433914111478523 -0.0259355281821124 0.00256669361923739 0.00115019708816998 -0.0138719570346212 -0.0129745604459591 -0.0102992954871925 -0.00545548325618462 -0.00915050414340721 0.00789528763013219 -0.016328960789789 -0.0170020839013354 -0.0192509373824663 -0.0108884654802745 -0.0255694464399017 -0.0172300384648853 -0.0190343202411376 -0.0233649332801734
"12" 0.00195061696261803 -0.000675719280998691 -0.0106106649524437 -0.00145700953609978 -0.0164852559858788 -0.0105621742084813 -0.0176631433363857 -0.0149606279958115 -0.00452112976805122 -0.012318037754665 -0.00365413137910412 -0.0303021410721791 -0.0186628559548574 -0.0124000794294191 -0.0260543488886326 -0.0186626649818249 -0.0221466119055783 -0.0216355705226311 -0.0169872520961211
"13" 0.00848534530358986 0.00206275353053509 -0.00819928560277805 -0.00476735537624819 -0.00143685025435946 -0.0140575137523931 -0.0148330871960934 0.00338958328815138 -0.0226306679268108 -0.00847723300366554 0.0138709669561156 0.00229640026621632 0.0130190042358118 -0.00312050820884316 -0.00828107233044171 -0.0302230169691908 -0.0207548158728548 -0.0164601632216953 -0.00236503977138303
"14" 0.00479663538033571 -0.00400413562260082 -0.0162140883870679 -0.00519299192717253 -0.00200291089437499 -0.00755195080765396 -0.0054404753986692 -0.0114347398456851 -0.00116910864193314 -0.0162057763448531 0.00194802014417076 -0.0241923551684962 -0.00891025478202382 -0.00403583569405259 -0.014672183848661 -0.0190622225914408 -0.0140126275266153 -0.0169862230488288 -0.0250936423496397
"15" 0.00206538850187025 -0.00683708626860168 -0.0087954851547389 -0.00784688809523191 -0.00723120885394372 -0.014350756438324 -0.0158846573977223 -0.0134745874680215 -0.0135876470047827 -0.0180569982525013 -0.00965970114468121 -0.0139367982241024 -0.0123547676264667 -0.0146367963692143 -0.0121924316319878 -0.0227083459815736 -0.0132989799970121 -0.0125140279452338 -0.0175365602518041
"16" 0.00904287053095168 0.000459774975050243 -0.0179402132831054 -0.00235527919855754 -0.0044764894986053 -0.00682890359969544 -0.0111799619376734 -0.0067289624195844 0.00365405821632696 -0.0115909958715398 -0.00357195182897648 -0.0207485267720208 -0.00439259953475326 -0.00445484062788702 -0.0176924765170712 -0.0303862581538942 -0.014820402462813 -0.0129525908542477 -0.0211373112560743
"17" 0.00993436263299155 -0.000120436469143056 -0.0162118522831034 -0.0154165317406403 -0.00302594271341289 -0.0150942795077614 -0.02299402724243 -0.0136565728189721 -0.0010452076176247 -0.0218298370730585 -0.00541643740243643 -0.0134166287108971 -0.00122852046161056 -0.00183417101816159 -0.0142691650121451 -0.0260690391432626 -0.0170455369497153 -0.0121009087559874 -0.0311964204758864
"18" 0.00955018776000093 -0.00512009140743616 -0.00628939954108402 -0.00938433342569651 -0.00624334029531893 -0.00746057413354585 -0.0277991245518021 -0.00943102125669837 0.00709932222598061 0.00147808630960227 0.0013728064432886 -0.0152723407529387 -0.00480066842643223 -0.00717375231916462 -0.0185727084357893 -0.0218402150074755 -0.0260138904282195 -0.0227468100468137 -0.0189334981268712
"19" 0.00912210161557282 0.00713794872373213 -0.00219225589747476 -0.00252631179148538 0.000452953199599383 0.00376479519400223 -0.0100513543883611 -0.00839547164296327 0.00412394809671612 -0.00803125164748959 -0.00496988189521196 -0.0130399618400111 -0.00471188940961737 0.000167548828582186 -0.0055655919365427 -0.0135381601796283 -0.0146135007769332 -0.00676175590405467 -0.00360352361962155
"20" -0.00915715785927497 -0.00566192965660766 -0.0142252093075554 -0.00288404130844737 -0.00904078069033927 -0.00947598480185095 -0.0170804137296722 -0.00767622650625921 0.00150555380772485 0.00100642424488219 0.000204441396631406 -0.019876970563163 -0.00493112037036333 -0.0113096053481453 -0.0128792823401389 -0.0182140212828517 -0.0183541208737838 -0.0209555258605681 -0.0173222858758138
"21" -0.00189822852759675 0.00169666497895013 -0.0130055884119162 -0.00577423728255204 -0.012422410249359 -0.0102732029612885 -0.0106873850440033 -0.0175740806322358 0.00327993476688257 -0.00406585025026593 -0.00131950459459929 -0.0184351962418596 -0.00858783813972952 -0.00710633466782607 -0.0148916713772201 -0.0179174205742239 -0.0107890234270469 -0.00930317776290974 -0.0185997743296838
"22" -0.000140210786942863 0.00443607830817458 -0.0046616389006408 -0.00623088102161988 -0.00354562963883428 -0.00879910328404788 -0.0162316177635126 -0.0166375078838571 -0.0130724049772926 -0.0185722945522693 0.0102464436798006 -0.0289693403807223 -0.0163655451759636 -0.00105658315868234 -0.0157431235004642 -0.00821806426870169 -0.0264909411771125 -0.0141524727759439 -0.00875562861752766
"23" 0.00461740472339995 -0.00210568497750124 -0.0117014346708741 -0.00190092687152917 -0.00559378279059134 -0.0035869753047299 -0.00948175428856311 -0.0107216432950263 -0.000747043296065794 -0.00628813834827398 -0.0081376430117419 -0.0236248781421972 -0.00851577554516283 -0.0118493346489413 -0.0122063497587363 -0.0232323926832031 -0.0267808613367729 -0.0180661076905255 -0.0101032409193158
"24" 0.00243812140815023 -0.000131818053855533 -0.0164976925937462 -0.00740809160115289 -0.0138020466166181 -0.0187464600954262 -0.0186532962643537 -0.015205922388759 -0.00200575743449962 -0.00619870601208339 0.000405931931279491 -0.02084679975932 -0.0133257519727658 -0.012830798379745 -0.0319816986784345 -0.0202410572638585 -0.0311298307686571 -0.0195994734637754 -0.00472248308617257
"25" 0.00677013777786869 -0.00927827287003594 -0.000852918596555318 -0.0121088630019068 -0.00300414348743887 -0.00951194567347802 -0.0141759616126406 -0.0146375767233078 -0.0083137170250472 -0.0153096284603228 -0.00297832594670126 -0.0408535602030379 -0.0301784246708585 -0.0226418463763977 -0.029751253691564 -0.0165528826513052 -0.0143661930029828 -0.0279384037311408 -0.0280677750466877
"26" -0.00707436568067087 -0.0032183084264546 -0.017988798185145 -0.000387200473340284 0.00276888654871208 -0.0096386311520442 -0.0155590295755155 -0.0186134306343828 0.000738992774337074 -0.0042366904744727 -0.0133656490300382 -0.00416929124996007 -0.00946844789280128 -0.0122151964264751 -0.0211216518351667 -0.0246353742904211 -0.0246150911791609 -0.0181057826846871 -0.0236438192588991
"27" 0.00125215203789574 0.00667668010583601 -0.0113789651823842 -0.00481892657772577 -0.00244245507148446 -0.0188390604678941 -0.0183999658929726 -0.0199873423099555 -0.00532218909379735 -0.0152219675653815 -0.00455989081341866 -0.0315220402764844 -0.00739332397701361 -0.0215329694028863 -0.0148118742252669 -0.0227961972668166 -0.0127545473947212 -0.026331917884911 -0.0233401566556091
"28" -0.000263170253188845 0.00308954687568751 -0.00655364916378316 -0.00462679132979187 0.00150823206533931 -0.0132898555170613 -0.0150361107366493 -0.0150035704852903 -0.00551751117246599 -0.00564004810452092 0.0102672564569449 -0.0192434631366821 -0.00832518299921706 0.00191951310774055 -0.0310284445148872 -0.0339659773449647 -0.0363670622264982 -0.0313613829962676 -0.0259935303283591
"29" 0.0103680970864482 0.00990275267016225 -0.0182183942347347 -0.00225893660449766 -0.00425008005373362 -0.0161366758108566 -0.025434630917775 -0.0161807169234757 -0.0128639277353629 -0.0106978679572883 -0.0134718515879858 -0.0189608640568715 -0.0164942710779804 -0.00734816741058476 -0.0135019971054864 -0.0148772565134237 -0.011829134723447 -0.00392313583090625 -0.00924872122201491
"30" -0.00987372178184517 -0.00637575283933271 -0.0145297083372566 -0.00572063902976719 -0.00213123666123947 -0.0188998338213304 -0.0188994446119459 -0.00207428924210675 -0.0074116950951981 -0.0118730059591739 -0.0100378753546776 -0.0211920805741553 -0.0101430926158072 -0.00326684391290199 -0.0157891775452556 -0.0110140864953138 -0.0160773957501376 -0.0192053974823473 -0.0108431958090888
"31" 0.0126154753244761 0.00266817911004193 -0.0124484808411444 -0.00326193560504678 9.95530656573915e-05 -0.0143568860730577 -0.0202069887620201 -0.0105073977119434 -0.00846548847318112 -0.0162875387620761 -0.00384757884516691 -0.008546128052074 -0.00127832414274149 -0.0226402377161195 -0.0251220194662171 -0.0289837196815534 -0.0242163479532594 0.00573751167137206 -0.0247133676596976
"32" 0.00726337397979097 0.00783305931873165 -0.0139870102390848 -0.00724629092923578 -0.00248589759806872 -0.00458962108230522 -0.00609247519355228 -0.00852478582432712 -0.00376257062933993 -0.0169423047056615 -0.000566967686268091 -0.032999423359825 -0.0162301166954222 -0.0134184375157418 -0.0231716367475592 -0.00245649497318458 -0.0150176450818393 -0.0168763547710582 -0.0219568775297147
"33" 0.0129531364127333 0.00559207933047225 -0.0189531923066662 -0.00859310614816834 -0.0127893007602321 -0.0161009757993798 -0.0163248010574127 -0.00981544655997994 -0.00679336791402926 -0.000412965555158391 -0.00961165492146017 -0.0174646846891042 -0.00820218700679733 -0.012309772018353 -0.0152012217554647 -0.0173103227610727 -0.0179920841229451 -0.0148436262845503 -0.0220580241272572
"34" 0.00651205900966377 -0.0015030073761491 -0.00657692281901631 -0.0047670675049874 -0.00727798527305354 -0.00818069024811104 -0.00861060088662378 -0.0176889001521864 -0.00926185944405878 -0.00850232732166434 0.00333131963215827 -0.0120989346200217 -0.00563660811950532 -0.0144341738674068 -0.0234301193103728 -0.0302268387325287 -0.0124850703227062 -0.0182757719415233 -0.0294110581017996
"35" -0.00130665727485718 -0.00610460988807752 -0.00360622616861803 -0.000437252026169349 0.00425631197758932 -0.00655632945088765 -0.0185407372836375 -0.0131023827761128 0.00480405130711127 0.00259671036932077 -0.00238829798954822 -0.0121455865856631 -0.00432220990881196 0.0106383399998517 -0.00321858872335293 -0.00733878169866046 -0.0106474324028681 -0.00878748384174837 -0.00861220948354884
"36" 0.00630081885516663 0.00127535785304009 0.0042726339148765 -0.00529448069548739 0.0101974300660854 -0.00827523123727261 -0.0144847322401896 -0.0157338842499544 -0.00428049993861259 -0.00894195709038403 0.00362661185258368 -0.00991435983984605 -0.00289498658129058 -0.00272458251999253 -0.0151965986871954 -0.0197695196947756 -0.0256567229389246 -0.0181416804434113 -0.021817866566939
"37" -0.000585196332058408 -0.00357105921397891 -0.0168561142600759 -0.00814314314201724 -0.00410705917143758 -0.022156806552613 -0.0144744708405125 -0.00284729696193965 -0.00553384966129534 -0.0100389244280161 0.00247946389506327 -0.0078741278140546 -0.00187036485538561 -0.0206406610530212 -0.0284667803372805 -0.0116347292549272 -0.0222723637759635 -0.0164549990160983 -0.0135849881896269
"38" 0.010518389002112 -0.00729969790214165 -0.0115371336272292 -0.00447575243051233 -0.00662705878043288 -0.000719868648284739 -0.0123647658900323 -0.00819362773371292 -0.00279174247032859 -0.0112059498861241 -0.00232729417460845 -0.0282242374995415 -0.00929127220789071 -0.00921685057861794 -0.0240906565798645 -0.0231648437048745 -0.0177705961901209 -0.0155578926735946 -0.0206220615621278
"39" 0.00245698105090781 0.00337242680132189 -0.00968878844907349 -0.000778100478486565 0.0026823125571647 -0.00532578251535826 -0.0110158609248244 -0.0108875490511827 -0.00637886974993261 -0.0138175752462584 -0.0024519340073546 -0.0209220355111612 -0.00790164782716581 0.00429762627448062 -0.00733356106819148 -0.0215799224898672 -0.0168423911715829 -4.85362968380349e-05 -0.0195895981687725
"40" 0.00920954613356025 0.010248925786264 -0.0119955779057041 -0.00334489867736476 -0.00659913486586966 -0.00407452709700387 -0.00984244847946407 -0.0180263218158447 -0.00636205076106478 -0.00494215178250154 -0.000677663838151753 -0.000222902321523533 0.000578370513851853 0.00191620055549461 -0.0159755683890025 -0.0209879183797875 -0.0200639947998917 -0.0227231429234924 -0.0155924877346548
"41" 0.00819287641494009 -0.00412131962696573 -0.00957644458947796 0.000193231360289375 -0.00107922606494788 -0.010913701585117 -0.00598813130615307 -0.0161388474808737 -0.00223641689328037 -0.00629295805005246 -0.0140685778827635 -0.0184563158510871 -0.00211245792492605 0.000197652884209149 -0.017444541182463 -0.0245791395119764 -0.0255700590223529 -0.0132634618392856 -0.0222530523796642
"42" 0.00239938313120086 -0.00222451410495487 -0.0143583502221227 -0.00380248880683335 -0.0106060785193078 -0.0210691397885884 -0.0227450410790998 -0.0220328456051303 -0.00427797507388988 -0.0205565185483506 0.000552533697915171 -0.0281235481666976 -0.0221654027483637 -0.00855353985594488 -0.0189224811861307 -0.022070875321123 -0.00829615847867873 -0.00481066969046243 -0.00503647440293018
"43" 0.00397923219918896 0.00154075620285635 -0.00160990966737389 -6.74824819609354e-05 -0.00581666421914942 -0.0104806768711796 -0.00847253298597835 -0.0133897261273859 -0.00945836697379627 -0.0124098459554187 0.0026145032601975 -0.010247320392523 -0.0123392282742891 -0.00332742347493682 -0.00410618715241988 -0.0075321452836799 -0.00849559750377952 -0.013266931200976 -0.0126147694779294
"44" 0.00752602469690625 0.00410851897502469 -0.00632302556098376 -0.0130817676826754 -0.0124334414288956 -0.00359252915224593 -0.0131102723345193 -0.00939602852072627 -0.00338565538395744 -0.0140515837757978 0.00164916852405788 -0.0164723575144415 -0.00692661141621968 -0.00769220990828645 -0.014952911857261 -0.0109953024353635 -0.0146291375335459 -0.0249640451921493 -0.0313024217558973
"45" 0.00228419095974928 -0.0100779726527728 -0.0120768901767524 0.0053884369662873 0.00356232718900246 0.00766776661118028 -0.00925038190372524 0.00375377859179638 0.0060680604353785 -0.0125392130450597 -0.0147765061036816 -0.0210679693088527 -1.63090144586113e-05 -0.00456869282834325 -0.00531137533636539 0.000219728159109559 -0.00821462399724974 -0.00886762834046814 8.39919536734885e-05
"46" 0.00897766540567892 0.00351582610346671 -0.0123392509712201 -0.0146641183545633 -0.0117636810883781 -0.0151541497301577 -0.0167995407027365 -0.0127739577894383 -0.00523076631595848 -0.00128354627079009 -0.00530510416553034 -0.0252544669186972 -0.0202801343249098 -0.012535263568156 -0.00669214203541974 -0.0194000011478972 -0.0300279362268089 -0.021720929522953 -0.0284771468363341
"47" 0.00301135422832221 0.00976798503396972 -0.00827754702875761 -0.00358406967012849 -0.00438720593923212 -0.0169558015320032 -0.0210107757129466 -0.0180343698224167 0.00194680724297221 -0.0111777035731942 -0.00491509025272815 -0.0235877708049971 -0.0131053251235431 -0.00613762647568022 -0.0155654911885345 -0.0294990446927755 -0.0204477228846249 -0.0242084782830851 -0.0241098208882317
"48" 0.00140310691076219 -0.0126456928562527 -0.0145615513733201 0.00557900996052595 0.00124613708717836 -0.00858955659596963 -0.0123925429225076 -0.0156395195685407 -0.00403485070063235 -0.0123424495764828 -0.0121234313636747 -0.0264591490166365 -0.0138686569985698 -0.023085948730642 -0.0142595853164346 -0.0331368786619284 -0.0264422994197939 -0.0266372231462034 -0.0277085617192242
"49" 0.00229949811392946 0.00397839108612317 -0.00565559366742874 0.00369140902602203 -0.00388066547884402 -0.00322920023577845 -0.0104550835783349 -0.0234789062859148 -0.00413138097236785 -0.00944309651256931 -0.00317049778094911 -0.0154269930622289 -0.00535018385410533 -0.0032671657286334 -0.0159475783628699 -0.0202175452174639 -0.0173358185892642 -0.0261190684116306 -0.0237715906107272
"50" 0.0162743375223207 -0.00118741754489357 -0.0159479071448859 -0.0161338373030056 -0.0109152879714039 -0.0120634726684866 -0.0186890265378818 -0.0220601309306806 -0.00371944623645891 -0.0119001328176823 -0.00494450548539107 -0.0268305134888419 -0.0099574839331351 -0.0104570062385041 -0.0158249353148575 -0.0166422936964216 -0.0191410993659374 -0.0229730188117928 0.00132344231993611
"51" 0.00366925608498699 0.00797446015889071 0.00199528509863387 -0.00315969330816386 -0.00811903455610958 -0.0101794669540842 -0.0132821280471655 -0.00848723088415218 0.0065062620054217 -0.00994126214286788 0.00318882910897274 -0.0134204600832358 -0.0162086937120776 -0.00676961972382219 -0.0175672508046787 -0.0262469425106345 -0.028016423447893 -0.0177264153984979 -0.0289046658745451
"52" 0.0132997618457386 -0.00393701342101749 -0.00505522236802151 -0.00084397825596829 0.0014104768569601 -0.0162898747735424 -0.0103689092430337 -0.00845054906992089 -0.00299132636415075 -0.00397554576776223 -0.00118633916208898 -0.0169162400216926 -0.00700952114277212 -0.00611492753192256 -0.0273014853258828 -0.0267058707066674 -0.00576594917998795 -0.0208945650845071 -0.0134720455331206
"53" 0.00813331598289726 0.00239938591299517 -0.0120143305516015 -0.000316528325628188 0.00401991059923385 -0.0057587552911074 -0.0119250548621257 -0.0108885655257704 0.00366332045325182 -0.0151374821156206 0.000245384885639539 -0.0125942731441098 0.000946206330609017 -0.000265703330854804 -0.00813132862154534 -0.0149073251826155 -0.0109346716976404 -0.0119773598975988 -0.0167408242679349
"54" 0.0132636487200481 -2.2796558796884e-05 -0.00543836932940778 0.00938925180352612 0.00974349493746788 -0.00746812545399275 -0.0123020447991961 -0.0135746489968969 0.0058128653354509 -0.0104642103659577 0.000101902054416531 -0.015527009826108 -0.00447644528094525 1.65794481966691e-05 -0.0142995669035077 -0.012291193715325 -0.00527607673563349 -0.015701368167644 -0.018208935989608
"55" 0.00600536289384052 -0.00879342891613921 -0.0134759788152001 -0.00985103697898896 0.00449285297681497 -0.0104605122972347 -0.0228578837966392 -0.0198255029308921 -0.0140251658604023 -0.00522762279414004 -0.0122526497175533 -0.0235931259114586 -0.025079642393726 -0.0162714628579448 -0.011539200049731 -0.0170987271066046 -0.0085957588498373 -0.0180221059568629 -0.0203657188447213
"56" 0.00735744895728995 0.0090717814872095 -0.00849667352616446 -0.0158861556946047 0.000865654388833598 -0.00460913620718818 -0.00868873550822385 -0.0146208771643008 -0.000856321809744898 -0.0253998612855252 -0.00694423938063695 -0.0205436184460825 -0.0165451530731776 -0.0179379519838586 4.72187129388194e-06 -0.0190144745584102 -0.0131609792210483 -0.0149455081479339 -0.0175738901902865
"57" 0.00020194318894045 0.00907386822477059 -0.0119946652581267 0.0027590321282576 0.00173673519578822 -0.00965547653854577 -0.00837127667002694 -0.0184702906255233 -0.00177434815181056 -0.00840073233238307 -0.00799199997567074 -0.00977366646882483 0.00341174854405294 -0.0121092956927291 -0.0153210912494047 -0.0200666036080776 -0.0227631243974211 -0.0202601127961245 -0.0246747355102968
"58" -0.00145579084889889 0.00983324365853816 -0.00729421936284998 0.00464288019512111 0.00564416450575566 -0.014330961705656 -0.010184390577631 -0.015286597508773 -0.0089955329092391 -0.0192367226887263 -0.00681250456641782 -0.0296813981281548 -0.0190149588375725 -0.012074983894434 -0.0329036088882016 -0.013185379454695 -0.0248999901076793 -0.0124690084538556 -0.0186277535178674
"59" 0.00629859008537262 -0.00813841108400167 -0.00817001724235177 0.00377609601611337 -0.00373343723795407 -0.0173509867470112 -0.0090418072263051 -0.00880058942615383 -0.00896244773352993 -0.00506217555596964 -0.000993289191442143 -0.0174863468238571 -0.00425097595489762 -0.004505812668914 -0.021740940952127 -0.0208927013583751 -0.0295743227333615 -0.0191840432001644 -0.00372253907769247
"60" -0.00101666398195179 0.00278739694140925 0.00188967038552441 -0.00980590243553318 -0.000734467850991892 -0.00771271805951446 -0.0130529887778226 0.000434914826853127 -0.00733520160300218 -0.0142607366326378 -0.0144973124005503 -0.026455701815813 -0.00937697053535701 -0.00940064370397345 -0.0139356276482068 -0.0261045626099946 -0.0204336787163075 -0.0209512766895258 -0.018618812017257
"61" 0.00893581766356314 -0.00349583746159061 -0.0167861685850664 -0.0135825694476931 0.000394806783416451 -0.00713610704631936 -0.0112138809973534 -0.0166869041932662 -0.00919838470499237 -0.0165994462098728 -0.014106218203937 -0.0191010702066319 -0.0136463372426248 -0.012703068494675 -0.0184357330614152 -0.0259649811128009 -0.0194123140410657 -0.0168888216183982 -0.023257161546751
"62" 0.00976605292417265 0.00165263437526661 -0.00746927988764573 -0.00485578557971744 -0.00481296550909691 -0.0139835733917417 -0.0205380376390543 -0.0140470159591637 -0.00364030332038169 -0.0139539032789443 -0.01643617381319 -0.0253247226464025 -0.0183687164226524 -0.014631047413587 -0.00345984754826505 -0.0184560166651846 -0.0115355798728022 -0.025944083158028 -0.0310113260518315
"63" 0.000360087467510019 -0.0117638998874442 -0.0255563051515102 -0.00862549972900107 -0.00216900043881803 -0.00860022683627285 -0.0110195739260122 -0.0102828971219596 0.00512981018017604 -0.00792119006231582 -0.00550589917655812 -0.0297101665360371 -0.0183157368023277 -0.0105892110059063 -0.0181746576141942 -0.0156789326884825 -0.0254124345037262 -0.0157649821058831 -0.0202177095884209
"64" -0.00540552412635196 0.00275795365394439 -0.0148791233468894 -0.00421402592449723 -0.00734417308732788 -0.00950617863687525 -0.00985935457239025 -0.0120585667446625 -0.0161097173476141 -0.0124352834090805 0.00740948724737795 -0.01780189914443 -0.000122793249798542 -0.0110993273443111 -0.010360207361924 -0.0153490947498539 -0.0211335437566397 -0.0170907838364996 -0.0203614630421216
"65" 0.00881469649834277 0.00130646215373518 -0.00431454831035209 0.00132030405708233 -0.011702110877315 -0.0127348582061227 -0.0237141838149562 -0.0159561571696448 -0.0112523750393255 -0.0244098908199595 -0.0145429039884743 -0.0255688974620145 -0.00571350194598365 -0.00761165929332077 -0.0162307897032016 -0.0230366782003147 -0.0308538873312136 -0.0177615487693493 -0.0114055022615015
"66" -0.000602902610682077 0.00258264693453052 -0.0136835270862267 -0.00803553071459808 -0.00516770414221762 -0.00970407813130523 -0.0186659996907095 -0.0142939134825533 -0.00434673426078036 -0.0143962071408481 -7.06701427505979e-05 -0.0213981965927725 -0.00483677024336801 -0.00467891214729401 -0.00828903818010687 -0.0167098786992355 -0.0256606296809466 -0.0264707252807983 -0.0229750035669027
"67" 0.0100436519060133 0.00415689779808654 -0.00183578600351902 -0.00921946741873075 0.00568667711648336 -0.0102714482603215 -0.0159319544092076 -0.0201481242473288 0.00569523531947414 -0.0188146417074676 -0.0103200554335084 -0.0241865493135234 -0.0119066010746606 -0.0262412423459746 -0.0188817329351069 -0.0150727829518469 -0.0287357682825914 -0.0195360859033667 -0.0148758724663194
"68" 0.00169171710122029 0.00844229165525313 -0.0106282918360717 -0.0030648091125283 -0.0144290250580409 -0.0142084834115221 -0.00702839800243162 -0.00482617596421477 -0.00310424490111487 -0.0183695029560145 -0.0128198047810163 -0.0246292623518576 -0.0153695184898405 -0.011438376849751 -0.0115699559950932 -0.0145648711129951 -0.00763039769930241 -0.028489027265859 -0.0271423474400056
"69" 0.0104052960310303 0.0102571286746053 -0.0123760726642752 -0.00195066210662343 0.00569376162168526 -0.00851158908080361 -0.00402047176190691 0.0104492208909546 -0.0132567614017494 -0.00824114503779315 -0.00189506154886247 -0.0260006549800709 -0.0150469035636508 -0.0123497869959342 -0.0167638848997465 -0.0100447928284743 -0.00614734871215341 -0.0190357807457503 -0.00327868765362699
"70" 0.00199075468671591 0.000819659964412854 -0.0177499576630778 -0.00509490821771721 -0.00766413593856141 -0.0117927372858388 -0.0214754839347132 -0.00729743015943195 0.000971469735113891 -0.00791173213198917 -0.00576458224090411 -0.0154619970262797 -0.0097654656899949 -0.0150204178213185 -0.0217019202770714 -0.0321159393265626 -0.020307572384324 -0.0185091757281379 -0.0251588345559665
"71" 0.0146307632217409 0.0104577211290226 -0.00779171473386108 -0.00240809424921387 -0.00224038235685393 -0.0153445403079628 -0.0121018708363862 -0.0132717787681814 0.00961250837847979 -0.0184450039489555 -0.0244028753405985 -0.0208675624994137 -0.00985770233219129 -0.022972458273543 -0.00982838583777663 -0.00833131486943972 -0.0141543574708534 -0.0329151356950544 -0.0249393710444539
"72" 0.0156379692848337 0.0118857069094058 -0.00920372603519126 0.00338590911529516 0.00385586565418363 -0.00431162251203254 -0.0228488687304141 -0.00766454684989011 0.00271233547555575 -0.00446873668573921 -0.000759136018701048 -0.0217047839238097 -0.00425729276134895 -0.00931700795551304 -0.0162790827153119 -0.0245176148691198 -0.017467678946623 -0.00782532077555916 -0.0237898406001546
"73" 0.00907139956126692 -0.0177317525502479 -0.00655150104600114 -0.00236161797264346 0.00106912563968548 -0.01077158282922 -0.0141726431677453 -0.0121332320463494 -0.00447797174457236 -0.0201601542089976 0.0010405526137448 -0.0236932049610128 -0.0121466236557405 -0.0128268504720559 -0.0231208262848929 -0.0266780951762622 -0.00697175931750977 -0.018875618094486 -0.0238497126956376
"74" 0.00299702510588278 0.00373428392992149 -0.00992777486293975 0.000511176057057347 -0.00211303388314309 -0.00880152459604522 -0.00623858933620452 -0.0233658223351161 -0.00844566367786347 -0.0143503564983249 0.00450801579438649 -0.0170504854063526 -0.0134027443162308 0.00221306712620895 -0.0208546012797708 -0.0240727299178922 -0.0189388230243584 -0.00638157871922829 -0.00999663833986247
"75" 0.0151666985617153 0.0103826259038879 -0.00775587192634878 0.00153398224585491 0.00349639592737192 0.000190619401581814 -0.00817548142890288 -0.00839428353651808 0.00456318238992935 -0.000757435720964917 -0.00233426143596221 -0.00416430381518224 -0.00754994599108801 -0.00696057494612415 -0.0152086550733281 -0.0105474571798171 -0.0120486481589047 -0.0110761300289335 -0.0070735135655088
"76" 0.0024143166477412 0.00390488168589671 -0.0175270052265339 0.00458276460048472 -0.00758161150744299 -0.00927034337155551 -0.0085283368710139 -0.00293289097667925 -0.000498587214366932 0.0103049487739325 0.00950777094745516 -0.016516030060587 0.0109307889519066 -0.00229328031378048 -0.00728207945679301 -0.00973796930547028 -0.00489985865455457 -0.0149485932076226 -0.0185314544941765
"77" 0.00497243393291915 -0.00213100080680372 -0.0151995643699264 -0.0059901222713128 -0.00427173330154031 -0.00203909916715569 -0.017653735375382 -0.00183963484473458 -0.0112643699549378 -0.0235892622340639 -0.00692935973729835 -0.0250807970839484 -0.0111651415548197 -0.00684114830425705 -0.0176137946824602 -0.0290991725836352 -0.0189331147232721 -0.0211143558751718 -0.018355736111211
"78" 0.012950902075645 0.0071243566323531 -0.00118114290800295 0.00761986091050016 0.00458349471494794 -0.0043938969782222 -0.0156343910125613 -0.0115488047644953 -0.00904458208741807 -0.0104832003313332 0.00451024615817128 -0.00702614952873843 -0.00615365687669796 -0.00783549092632085 -0.0132237744526781 -0.0103554445239832 -0.0129846916740683 -0.0120988390889892 -0.00170823366843974
"79" 0.00676576019713542 -0.00615703036075036 -0.00599645555188055 0.00608293586462211 0.0017509452555839 -0.00883775242652997 -0.0166268749030614 -0.0166854166893992 -0.0055125787217997 -0.00444901429544363 -0.00245409504811699 -0.0146721439107561 -0.0148723587734329 -0.0121888162193327 -0.0110264235645955 -0.0247551600742352 -0.0232222730987583 -0.0142453053240705 -0.00504156270571339
"80" 0.00585716419822958 0.001366897314417 -0.0040534555538959 -0.00223341152711323 0.00331991790234077 -0.0222667061975873 -0.0255321386252985 -0.011330429796709 0.00133585452625341 -0.00638702780670455 -0.0120697532621889 -0.0220011616325383 -0.00198370788820632 -0.0042647251096583 -0.00942591082636882 -0.00716970070114059 -0.0142600626436598 -0.0159248735896343 -0.0219367150561697
"81" 0.00125564350385107 0.00339396570295195 -0.0139405273195411 -0.00282043760430437 -0.00891030314890463 -0.0118636824272641 -0.0207805473854381 -0.0198385326757883 0.00135677218988795 -0.0221110923075433 -0.0110580935549481 -0.00410317167364033 -0.00645267950539807 -0.00337034110476277 -0.0212075679941188 -0.0239867895468827 -0.0224626703314838 -0.0190478614394868 -0.0156104882566232
"82" 0.00068679806081676 -0.00970874520407908 -0.0199483260120659 -0.00806937052918948 0.00156500597219435 -0.00451727364836376 -0.017096310061902 -0.0153504907017307 -0.00619948663596371 -0.0157571463728549 -0.00661174206529402 -0.0197124427231834 -0.019539768680827 -0.0177003045504113 -0.0193540861154842 -0.0369993471207564 -0.0307583658974796 -0.0260265763294698 -0.0224238451537079
"83" -0.00259035682128924 0.00943614336014176 -0.00924299635947966 0.00328880875346404 0.00150988136591573 -0.00340997388414483 -0.00634749332711052 -0.0202085258922799 -0.00744127252913896 -0.0139694071098542 -0.00152588158314338 -0.011004213002818 -0.00746752616682257 -0.0120134450658101 -0.0212041444279372 -0.0250929254258559 -0.00928365285275598 -0.00548606567190195 -0.0240961645015957
"84" 0.00755426228078268 0.000653624770005452 -0.00944037232412463 -0.0113705855869849 -0.00967230642563202 -0.00931247310400555 -0.0117581509930038 -0.00867288558397186 0.00097129160995746 0.000829338331727343 -0.00979570025627633 -0.0175878539635683 -0.00994015094615792 0.00580363911393301 -0.0139054821370998 -0.00736503739421713 -0.0113963054150765 0.000117635264949803 -0.00215132565789147
"85" 0.00554624508085776 0.00270726543096747 -0.0121477516275704 -0.00208586401591395 -0.00401133902726306 -0.0134927652314492 -0.0164654837837799 -0.00710952769917699 -0.0131295247906497 -0.0178173759783107 0.00311914921977705 -0.0196209719685992 -0.00546543317435411 -0.0104006854450755 -0.0116488323424271 -0.00927467884659053 -0.0147669626948645 -0.011150015326549 -0.0277247409332154
"86" 0.00565872724786789 -0.00651458724158445 -0.00659591767548055 -0.00448416497623989 -0.00213484747664737 -0.00181042435166533 -0.0193402800343498 -5.53366031295097e-05 0.00306168313623311 -0.0131130309918717 -0.00590945784239234 -0.0241091635574518 -0.00771908220876135 -0.0003676892703862 -0.00673476200210276 -0.028853607943171 -0.0232059517878729 -0.0181153233764948 -0.0126260922158784
"87" 0.014567391632214 0.00834797758871775 -0.0155683538582303 -0.00355788202419416 0.000359793516301454 0.00286048249900008 -0.0193378820858806 -0.015764815182884 -0.000993213987757671 -0.0109790452379392 0.00353687139623214 -0.0202049966417501 -0.0151034784418152 -0.00380717385688221 -0.0294248756657117 -0.0279068719186303 -0.0133576216933801 -0.00512695497993767 -0.0119342476738377
"88" 0.00857628965860992 -0.000253105661837378 -0.00470186157945129 0.00900891694917822 -0.0147760717057204 -0.0116192824668892 -0.00577978061546063 -0.0129389774575762 0.00196848275536486 -0.0183445996538109 0.00483236049936202 -0.000861520053870453 0.00526619215790294 0.00130905583165809 -0.00707797204682837 -0.0199356527758302 -0.0209763921933235 -0.00465448106273979 -0.0109789264524047
"89" -0.00563200361866183 -0.0122331658625642 -0.00404948564388284 -0.00438203684997568 -0.00733042652649114 -0.0180926936860979 -0.0143952214648436 -0.0116456504167076 -0.00488133558391493 0.00610792957524677 -0.0187218338356739 -0.0116139336105254 -0.0133751893727231 -0.0137026607798351 -0.0183171661114464 -0.0259834047980651 -0.0389614136670802 -0.0339334057717736 -0.0404297641473252
"90" 0.00586694184520921 0.00247997275283679 -0.0123886970479076 -0.0116702658272856 -0.00636463405234731 -0.00785537965570635 -0.0105759242410925 -0.0168643152507927 0.00235415833649941 -0.0131670202607288 -0.0144998455949007 -0.0265038812770003 -0.0207221799067077 -0.00823371523265996 -0.0253639020328803 -0.0270598232006192 -0.0283017501882164 -0.0269477569718104 -0.026518900752706
"91" -0.00513652618547071 0.00253249865993999 -0.0105085078205192 0.00888041702506742 -0.00182879576932737 -0.0118896995496211 -0.0124975372153763 -0.0117985763547584 -0.000932739385164343 -0.0124544438388313 -0.00486019514134703 -0.014565280614601 -0.00865746820685033 -0.010476430662027 -0.0170833065210308 -0.0162016439040093 -0.0178031287619903 -0.00953983906370872 -0.0207004906587492
"92" -0.000918885328452843 -0.00208030503832406 -0.00854561821535199 -0.0175656313866312 -0.012210950787248 -0.0183859901841508 -0.02552169165364 -0.0214435058212617 -0.00266462389294531 -0.00899657661680943 -0.00630989105711847 -0.0230096816072641 -0.00846725936878078 -0.00949989596177503 -0.0206105709544665 -0.0307460360770345 -0.0107212209612515 -0.0259120969223341 -0.0319983470187449
"93" 0.00208022101885905 -0.00803543984208492 -0.0138496985028068 -0.0086014882227096 -0.0111837225085049 -0.016507911451846 -0.0173381445837755 -0.0164590372295163 -0.0141782242189891 -0.00558796241810149 -0.00192435875431501 -0.0124541874424528 -0.00323495753843591 -0.0102652881441748 -0.0186481829083496 -0.0324730662697542 -0.0285785115243589 -0.0264154575731955 -0.0134423150783436
"94" 0.00253590835411352 -0.00124104664780563 -0.00540315910225067 -0.00956864150584055 0.000752389090348328 -0.00368260938446485 -0.00859377424501715 -0.00809402541375793 -0.00163870157344555 0.005738474473676 0.00455419561576556 -0.0239504976907228 -0.00716020345348098 -0.0111622924987262 -0.017994089274426 -0.0215487810903862 -0.0226004749930889 -0.00552878627636261 -0.00516012147251536
"95" -0.0019023874707686 -0.00217817865426809 -0.0231626153365652 -0.00575409875953315 -0.00666731297893162 -0.0173422688167865 -0.0162080320976602 -0.00508634810955119 -0.0151558243800797 -0.0127743515102162 -0.00447378015695128 -0.0224089930879694 -0.0270060322996631 -0.0248512754807066 -0.0264689439593984 -0.0254452878668457 -0.0367164769761496 -0.0230363276345537 -0.0398612919882082
"96" 0.000284317494432893 0.00135222265230274 -0.0130759651992016 -0.00615179369170197 -0.00718900772272138 -0.0174716455076844 -0.00878322835418117 -0.0163073108122345 -0.00479390572302952 -0.00876361598314388 -0.00380241643356868 -0.0130470689412513 -0.0024053413616399 -0.0121532072579116 -0.00554270875199247 -0.0233510319107598 -0.0243923328241117 -0.013858394173456 -0.0267886766275597
"97" 0.00967276274160443 0.000535568206160204 0.0017712788333768 -0.00119526928659778 -0.00268752329349786 -0.020214999618574 -0.0175806815406719 -0.0263387928710549 -0.00909703774688901 -0.0178036946075425 -0.00928350795565317 -0.0100420078386594 -0.0155200435572406 -0.0160878743004174 -0.0141204956997764 -0.0295251571001648 -0.0257944796694985 -0.0307498012215656 -0.0272186598409837
"98" 0.00269344653386206 0.00064871856902114 -0.0082072956546495 0.00333575359894103 -0.00627334029167102 -0.012480088898945 -0.0161119177878613 -0.00918898589230802 0.00237489934711145 -0.0130127553772019 -0.00528456715030993 -0.0284957347352779 -0.00715084208618225 -0.0100215985168348 -0.013655289483692 -0.036559636225681 -0.0241535060466767 -0.0231243788971972 -0.0242754965059435
"99" 0.0139218027399914 -0.0018364182761316 -0.010147685305998 -0.00111368168121776 0.00205583696714687 0.00206715039107234 -0.0119704617886107 -0.0146533264420445 -0.0075751355178465 -0.0107896159265656 -0.00377932473406159 -0.0127941295192386 -0.0080927515306145 0.00851204499120796 -0.00568238358603571 -0.0130968106432258 -0.006596115756696 -0.015626956680904 -0.0182819516388714
"100" 0.00218414654147614 -0.00216465833359589 -0.00313282221957623 0.00169291821003716 -0.000520481368747182 -0.0106594764495469 -0.0174470128467341 -0.0114641548783119 -0.000734859244699845 -0.0143746961848549 -0.00446354800276046 -0.0237261187512262 -0.0115685533049204 -0.0197520386419234 -0.0231420245780874 -0.0259695423879875 -0.0162832349778136 -0.0144857639330504 -0.0302913118021676
